date,time_from,time_to,forecast,actual_feedin
2015-05-01,00:00,00:15,0,0
2015-05-01,00:15,00:30,0,0
2015-05-01,00:30,00:45,0,0
2015-05-01,00:45,01:00,0,0
2015-05-01,01:00,01:15,0,0
2015-05-01,01:15,01:30,0,0
2015-05-01,01:30,01:45,0,0
2015-05-01,01:45,02:00,0,0
2015-05-01,02:00,02:15,0,0
2015-05-01,02:15,02:30,0,0
2015-05-01,02:30,02:45,0,0
2015-05-01,02:45,03:00,0,0
2015-05-01,03:00,03:15,0,0
2015-05-01,03:15,03:30,0,0
2015-05-01,03:30,03:45,0,0
2015-05-01,03:45,04:00,0,0
2015-05-01,04:00,04:15,0,0
2015-05-01,04:15,04:30,0,0
2015-05-01,04:30,04:45,0,0
2015-05-01,04:45,05:00,0,0
2015-05-01,05:00,05:15,0,0
2015-05-01,05:15,05:30,0,0
2015-05-01,05:30,05:45,0,0
2015-05-01,05:45,06:00,0,0
2015-05-01,06:00,06:15,0,7
2015-05-01,06:15,06:30,0,34
2015-05-01,06:30,06:45,0,80
2015-05-01,06:45,07:00,87,141
2015-05-01,07:00,07:15,175,281
2015-05-01,07:15,07:30,266,464
2015-05-01,07:30,07:45,357,658
2015-05-01,07:45,08:00,493,827
2015-05-01,08:00,08:15,629,1003
2015-05-01,08:15,08:30,768,1192
2015-05-01,08:30,08:45,906,1391
2015-05-01,08:45,09:00,1123,1601
2015-05-01,09:00,09:15,1340,1791
2015-05-01,09:15,09:30,1555,1968
2015-05-01,09:30,09:45,1771,2125
2015-05-01,09:45,10:00,1976,2252
2015-05-01,10:00,10:15,2181,2355
2015-05-01,10:15,10:30,2383,2404
2015-05-01,10:30,10:45,2584,2409
2015-05-01,10:45,11:00,2697,2426
2015-05-01,11:00,11:15,2810,2465
2015-05-01,11:15,11:30,2921,2556
2015-05-01,11:30,11:45,3031,2680
2015-05-01,11:45,12:00,3105,2726
2015-05-01,12:00,12:15,3179,2774
2015-05-01,12:15,12:30,3251,2785
2015-05-01,12:30,12:45,3322,2843
2015-05-01,12:45,13:00,3247,2883
2015-05-01,13:00,13:15,3172,2865
2015-05-01,13:15,13:30,3095,3055
2015-05-01,13:30,13:45,3018,3020
2015-05-01,13:45,14:00,2955,3229
2015-05-01,14:00,14:15,2892,3371
2015-05-01,14:15,14:30,2827,3331
2015-05-01,14:30,14:45,2763,3265
2015-05-01,14:45,15:00,2626,3169
2015-05-01,15:00,15:15,2488,3110
2015-05-01,15:15,15:30,2350,2955
2015-05-01,15:30,15:45,2212,2885
2015-05-01,15:45,16:00,2025,2872
2015-05-01,16:00,16:15,1838,2693
2015-05-01,16:15,16:30,1651,2560
2015-05-01,16:30,16:45,1464,2356
2015-05-01,16:45,17:00,1317,2253
2015-05-01,17:00,17:15,1169,2087
2015-05-01,17:15,17:30,1023,1968
2015-05-01,17:30,17:45,876,1764
2015-05-01,17:45,18:00,777,1529
2015-05-01,18:00,18:15,679,1291
2015-05-01,18:15,18:30,581,1067
2015-05-01,18:30,18:45,484,900
2015-05-01,18:45,19:00,404,738
2015-05-01,19:00,19:15,324,597
2015-05-01,19:15,19:30,245,470
2015-05-01,19:30,19:45,166,340
2015-05-01,19:45,20:00,126,228
2015-05-01,20:00,20:15,87,132
2015-05-01,20:15,20:30,48,69
2015-05-01,20:30,20:45,10,27
2015-05-01,20:45,21:00,5,4
2015-05-01,21:00,21:15,0,0
2015-05-01,21:15,21:30,0,0
2015-05-01,21:30,21:45,0,0
2015-05-01,21:45,22:00,0,0
2015-05-01,22:00,22:15,0,0
2015-05-01,22:15,22:30,0,0
2015-05-01,22:30,22:45,0,0
2015-05-01,22:45,23:00,0,0
2015-05-01,23:00,23:15,0,0
2015-05-01,23:15,23:30,0,0
2015-05-01,23:30,23:45,0,0
2015-05-01,23:45,00:00,0,0
2015-05-02,00:00,00:15,0,0
2015-05-02,00:15,00:30,0,0
2015-05-02,00:30,00:45,0,0
2015-05-02,00:45,01:00,0,0
2015-05-02,01:00,01:15,0,0
2015-05-02,01:15,01:30,0,0
2015-05-02,01:30,01:45,0,0
2015-05-02,01:45,02:00,0,0
2015-05-02,02:00,02:15,0,0
2015-05-02,02:15,02:30,0,0
2015-05-02,02:30,02:45,0,0
2015-05-02,02:45,03:00,0,0
2015-05-02,03:00,03:15,0,0
2015-05-02,03:15,03:30,0,0
2015-05-02,03:30,03:45,0,0
2015-05-02,03:45,04:00,0,0
2015-05-02,04:00,04:15,0,0
2015-05-02,04:15,04:30,0,0
2015-05-02,04:30,04:45,0,0
2015-05-02,04:45,05:00,0,0
2015-05-02,05:00,05:15,0,0
2015-05-02,05:15,05:30,0,0
2015-05-02,05:30,05:45,0,0
2015-05-02,05:45,06:00,0,0
2015-05-02,06:00,06:15,0,12
2015-05-02,06:15,06:30,1,50
2015-05-02,06:30,06:45,2,112
2015-05-02,06:45,07:00,134,201
2015-05-02,07:00,07:15,266,375
2015-05-02,07:15,07:30,404,584
2015-05-02,07:30,07:45,542,824
2015-05-02,07:45,08:00,766,1085
2015-05-02,08:00,08:15,990,1327
2015-05-02,08:15,08:30,1218,1677
2015-05-02,08:30,08:45,1446,1980
2015-05-02,08:45,09:00,1748,2270
2015-05-02,09:00,09:15,2050,2548
2015-05-02,09:15,09:30,2353,2841
2015-05-02,09:30,09:45,2655,3113
2015-05-02,09:45,10:00,2979,3440
2015-05-02,10:00,10:15,3303,3691
2015-05-02,10:15,10:30,3624,3882
2015-05-02,10:30,10:45,3945,4093
2015-05-02,10:45,11:00,4163,4235
2015-05-02,11:00,11:15,4381,4372
2015-05-02,11:15,11:30,4594,4503
2015-05-02,11:30,11:45,4807,4603
2015-05-02,11:45,12:00,4829,4679
2015-05-02,12:00,12:15,4850,4718
2015-05-02,12:15,12:30,4866,4765
2015-05-02,12:30,12:45,4882,4670
2015-05-02,12:45,13:00,4859,4657
2015-05-02,13:00,13:15,4836,4519
2015-05-02,13:15,13:30,4808,4477
2015-05-02,13:30,13:45,4780,4415
2015-05-02,13:45,14:00,4633,4342
2015-05-02,14:00,14:15,4487,4273
2015-05-02,14:15,14:30,4336,4171
2015-05-02,14:30,14:45,4184,4150
2015-05-02,14:45,15:00,4001,4143
2015-05-02,15:00,15:15,3817,4029
2015-05-02,15:15,15:30,3630,3915
2015-05-02,15:30,15:45,3442,3736
2015-05-02,15:45,16:00,3318,3535
2015-05-02,16:00,16:15,3193,3323
2015-05-02,16:15,16:30,3067,3105
2015-05-02,16:30,16:45,2940,2810
2015-05-02,16:45,17:00,2734,2564
2015-05-02,17:00,17:15,2528,2407
2015-05-02,17:15,17:30,2323,2195
2015-05-02,17:30,17:45,2118,1982
2015-05-02,17:45,18:00,1890,1785
2015-05-02,18:00,18:15,1661,1569
2015-05-02,18:15,18:30,1435,1378
2015-05-02,18:30,18:45,1209,1167
2015-05-02,18:45,19:00,1020,963
2015-05-02,19:00,19:15,831,735
2015-05-02,19:15,19:30,644,537
2015-05-02,19:30,19:45,457,366
2015-05-02,19:45,20:00,348,227
2015-05-02,20:00,20:15,238,120
2015-05-02,20:15,20:30,130,60
2015-05-02,20:30,20:45,21,22
2015-05-02,20:45,21:00,11,4
2015-05-02,21:00,21:15,0,0
2015-05-02,21:15,21:30,0,0
2015-05-02,21:30,21:45,0,0
2015-05-02,21:45,22:00,0,0
2015-05-02,22:00,22:15,0,0
2015-05-02,22:15,22:30,0,0
2015-05-02,22:30,22:45,0,0
2015-05-02,22:45,23:00,0,0
2015-05-02,23:00,23:15,0,0
2015-05-02,23:15,23:30,0,0
2015-05-02,23:30,23:45,0,0
2015-05-02,23:45,00:00,0,0
2015-05-03,00:00,00:15,0,0
2015-05-03,00:15,00:30,0,0
2015-05-03,00:30,00:45,0,0
2015-05-03,00:45,01:00,0,0
2015-05-03,01:00,01:15,0,0
2015-05-03,01:15,01:30,0,0
2015-05-03,01:30,01:45,0,0
2015-05-03,01:45,02:00,0,0
2015-05-03,02:00,02:15,0,0
2015-05-03,02:15,02:30,0,0
2015-05-03,02:30,02:45,0,0
2015-05-03,02:45,03:00,0,0
2015-05-03,03:00,03:15,0,0
2015-05-03,03:15,03:30,0,0
2015-05-03,03:30,03:45,0,0
2015-05-03,03:45,04:00,0,0
2015-05-03,04:00,04:15,0,0
2015-05-03,04:15,04:30,0,0
2015-05-03,04:30,04:45,0,0
2015-05-03,04:45,05:00,0,0
2015-05-03,05:00,05:15,0,0
2015-05-03,05:15,05:30,0,0
2015-05-03,05:30,05:45,0,0
2015-05-03,05:45,06:00,0,0
2015-05-03,06:00,06:15,0,8
2015-05-03,06:15,06:30,0,30
2015-05-03,06:30,06:45,0,63
2015-05-03,06:45,07:00,14,129
2015-05-03,07:00,07:15,27,257
2015-05-03,07:15,07:30,43,361
2015-05-03,07:30,07:45,59,440
2015-05-03,07:45,08:00,85,520
2015-05-03,08:00,08:15,110,772
2015-05-03,08:15,08:30,137,906
2015-05-03,08:30,08:45,163,1048
2015-05-03,08:45,09:00,192,1176
2015-05-03,09:00,09:15,220,1328
2015-05-03,09:15,09:30,247,1503
2015-05-03,09:30,09:45,274,1690
2015-05-03,09:45,10:00,274,1920
2015-05-03,10:00,10:15,273,2013
2015-05-03,10:15,10:30,271,2079
2015-05-03,10:30,10:45,268,2160
2015-05-03,10:45,11:00,311,2296
2015-05-03,11:00,11:15,353,2472
2015-05-03,11:15,11:30,394,2666
2015-05-03,11:30,11:45,435,2770
2015-05-03,11:45,12:00,428,2754
2015-05-03,12:00,12:15,422,2670
2015-05-03,12:15,12:30,414,2650
2015-05-03,12:30,12:45,406,2608
2015-05-03,12:45,13:00,387,2639
2015-05-03,13:00,13:15,368,2456
2015-05-03,13:15,13:30,348,2250
2015-05-03,13:30,13:45,328,2050
2015-05-03,13:45,14:00,338,1955
2015-05-03,14:00,14:15,348,1827
2015-05-03,14:15,14:30,357,1692
2015-05-03,14:30,14:45,366,1563
2015-05-03,14:45,15:00,372,1476
2015-05-03,15:00,15:15,379,1425
2015-05-03,15:15,15:30,386,1415
2015-05-03,15:30,15:45,392,1261
2015-05-03,15:45,16:00,370,1181
2015-05-03,16:00,16:15,349,1062
2015-05-03,16:15,16:30,327,908
2015-05-03,16:30,16:45,306,785
2015-05-03,16:45,17:00,277,740
2015-05-03,17:00,17:15,247,696
2015-05-03,17:15,17:30,218,621
2015-05-03,17:30,17:45,189,511
2015-05-03,17:45,18:00,150,438
2015-05-03,18:00,18:15,110,351
2015-05-03,18:15,18:30,71,276
2015-05-03,18:30,18:45,32,250
2015-05-03,18:45,19:00,29,214
2015-05-03,19:00,19:15,25,198
2015-05-03,19:15,19:30,22,189
2015-05-03,19:30,19:45,19,167
2015-05-03,19:45,20:00,16,129
2015-05-03,20:00,20:15,13,82
2015-05-03,20:15,20:30,9,44
2015-05-03,20:30,20:45,6,15
2015-05-03,20:45,21:00,3,2
2015-05-03,21:00,21:15,0,0
2015-05-03,21:15,21:30,0,0
2015-05-03,21:30,21:45,0,0
2015-05-03,21:45,22:00,0,0
2015-05-03,22:00,22:15,0,0
2015-05-03,22:15,22:30,0,0
2015-05-03,22:30,22:45,0,0
2015-05-03,22:45,23:00,0,0
2015-05-03,23:00,23:15,0,0
2015-05-03,23:15,23:30,0,0
2015-05-03,23:30,23:45,0,0
2015-05-03,23:45,00:00,0,0
2015-05-04,00:00,00:15,0,0
2015-05-04,00:15,00:30,0,0
2015-05-04,00:30,00:45,0,0
2015-05-04,00:45,01:00,0,0
2015-05-04,01:00,01:15,0,0
2015-05-04,01:15,01:30,0,0
2015-05-04,01:30,01:45,0,0
2015-05-04,01:45,02:00,0,0
2015-05-04,02:00,02:15,0,0
2015-05-04,02:15,02:30,0,0
2015-05-04,02:30,02:45,0,0
2015-05-04,02:45,03:00,0,0
2015-05-04,03:00,03:15,0,0
2015-05-04,03:15,03:30,0,0
2015-05-04,03:30,03:45,0,0
2015-05-04,03:45,04:00,0,0
2015-05-04,04:00,04:15,0,0
2015-05-04,04:15,04:30,0,0
2015-05-04,04:30,04:45,0,0
2015-05-04,04:45,05:00,0,0
2015-05-04,05:00,05:15,0,0
2015-05-04,05:15,05:30,0,0
2015-05-04,05:30,05:45,0,0
2015-05-04,05:45,06:00,0,0
2015-05-04,06:00,06:15,0,14
2015-05-04,06:15,06:30,0,51
2015-05-04,06:30,06:45,0,106
2015-05-04,06:45,07:00,60,196
2015-05-04,07:00,07:15,120,361
2015-05-04,07:15,07:30,185,546
2015-05-04,07:30,07:45,250,723
2015-05-04,07:45,08:00,393,858
2015-05-04,08:00,08:15,535,1021
2015-05-04,08:15,08:30,681,1249
2015-05-04,08:30,08:45,826,1581
2015-05-04,08:45,09:00,970,1821
2015-05-04,09:00,09:15,1114,1995
2015-05-04,09:15,09:30,1256,2125
2015-05-04,09:30,09:45,1399,2427
2015-05-04,09:45,10:00,1533,2713
2015-05-04,10:00,10:15,1667,2951
2015-05-04,10:15,10:30,1798,3214
2015-05-04,10:30,10:45,1928,3491
2015-05-04,10:45,11:00,2054,3676
2015-05-04,11:00,11:15,2181,3808
2015-05-04,11:15,11:30,2303,3874
2015-05-04,11:30,11:45,2426,3897
2015-05-04,11:45,12:00,2472,3963
2015-05-04,12:00,12:15,2517,3954
2015-05-04,12:15,12:30,2560,4057
2015-05-04,12:30,12:45,2603,4004
2015-05-04,12:45,13:00,2767,4190
2015-05-04,13:00,13:15,2932,4383
2015-05-04,13:15,13:30,3095,4559
2015-05-04,13:30,13:45,3258,4635
2015-05-04,13:45,14:00,3385,4586
2015-05-04,14:00,14:15,3513,4481
2015-05-04,14:15,14:30,3638,4388
2015-05-04,14:30,14:45,3763,4324
2015-05-04,14:45,15:00,3664,4271
2015-05-04,15:00,15:15,3565,4038
2015-05-04,15:15,15:30,3462,3947
2015-05-04,15:30,15:45,3360,3739
2015-05-04,15:45,16:00,3231,3585
2015-05-04,16:00,16:15,3101,3409
2015-05-04,16:15,16:30,2969,3239
2015-05-04,16:30,16:45,2838,3088
2015-05-04,16:45,17:00,2624,2944
2015-05-04,17:00,17:15,2411,2772
2015-05-04,17:15,17:30,2197,2607
2015-05-04,17:30,17:45,1983,2363
2015-05-04,17:45,18:00,1765,2154
2015-05-04,18:00,18:15,1548,1921
2015-05-04,18:15,18:30,1332,1643
2015-05-04,18:30,18:45,1115,1366
2015-05-04,18:45,19:00,941,1068
2015-05-04,19:00,19:15,767,766
2015-05-04,19:15,19:30,594,598
2015-05-04,19:30,19:45,420,466
2015-05-04,19:45,20:00,321,313
2015-05-04,20:00,20:15,222,165
2015-05-04,20:15,20:30,123,77
2015-05-04,20:30,20:45,25,30
2015-05-04,20:45,21:00,12,6
2015-05-04,21:00,21:15,0,0
2015-05-04,21:15,21:30,0,0
2015-05-04,21:30,21:45,0,0
2015-05-04,21:45,22:00,0,0
2015-05-04,22:00,22:15,0,0
2015-05-04,22:15,22:30,0,0
2015-05-04,22:30,22:45,0,0
2015-05-04,22:45,23:00,0,0
2015-05-04,23:00,23:15,0,0
2015-05-04,23:15,23:30,0,0
2015-05-04,23:30,23:45,0,0
2015-05-04,23:45,00:00,0,0
2015-05-05,00:00,00:15,0,0
2015-05-05,00:15,00:30,0,0
2015-05-05,00:30,00:45,0,0
2015-05-05,00:45,01:00,0,0
2015-05-05,01:00,01:15,0,0
2015-05-05,01:15,01:30,0,0
2015-05-05,01:30,01:45,0,0
2015-05-05,01:45,02:00,0,0
2015-05-05,02:00,02:15,0,0
2015-05-05,02:15,02:30,0,0
2015-05-05,02:30,02:45,0,0
2015-05-05,02:45,03:00,0,0
2015-05-05,03:00,03:15,0,0
2015-05-05,03:15,03:30,0,0
2015-05-05,03:30,03:45,0,0
2015-05-05,03:45,04:00,0,0
2015-05-05,04:00,04:15,0,0
2015-05-05,04:15,04:30,0,0
2015-05-05,04:30,04:45,0,0
2015-05-05,04:45,05:00,0,0
2015-05-05,05:00,05:15,0,0
2015-05-05,05:15,05:30,0,0
2015-05-05,05:30,05:45,0,0
2015-05-05,05:45,06:00,0,1
2015-05-05,06:00,06:15,0,15
2015-05-05,06:15,06:30,0,49
2015-05-05,06:30,06:45,0,103
2015-05-05,06:45,07:00,82,182
2015-05-05,07:00,07:15,164,323
2015-05-05,07:15,07:30,252,477
2015-05-05,07:30,07:45,340,669
2015-05-05,07:45,08:00,493,777
2015-05-05,08:00,08:15,647,858
2015-05-05,08:15,08:30,805,939
2015-05-05,08:30,08:45,962,1085
2015-05-05,08:45,09:00,1190,1226
2015-05-05,09:00,09:15,1418,1355
2015-05-05,09:15,09:30,1649,1504
2015-05-05,09:30,09:45,1879,1591
2015-05-05,09:45,10:00,2121,1796
2015-05-05,10:00,10:15,2363,1926
2015-05-05,10:15,10:30,2604,1999
2015-05-05,10:30,10:45,2846,2153
2015-05-05,10:45,11:00,3112,2390
2015-05-05,11:00,11:15,3379,2646
2015-05-05,11:15,11:30,3641,3053
2015-05-05,11:30,11:45,3903,3563
2015-05-05,11:45,12:00,4096,3926
2015-05-05,12:00,12:15,4288,4333
2015-05-05,12:15,12:30,4472,4509
2015-05-05,12:30,12:45,4656,4822
2015-05-05,12:45,13:00,4536,5127
2015-05-05,13:00,13:15,4416,5139
2015-05-05,13:15,13:30,4288,4984
2015-05-05,13:30,13:45,4159,4689
2015-05-05,13:45,14:00,4082,4445
2015-05-05,14:00,14:15,4004,4154
2015-05-05,14:15,14:30,3922,3886
2015-05-05,14:30,14:45,3839,3757
2015-05-05,14:45,15:00,3538,3503
2015-05-05,15:00,15:15,3237,3281
2015-05-05,15:15,15:30,2933,2968
2015-05-05,15:30,15:45,2629,2794
2015-05-05,15:45,16:00,2475,2378
2015-05-05,16:00,16:15,2322,2209
2015-05-05,16:15,16:30,2168,2108
2015-05-05,16:30,16:45,2014,2127
2015-05-05,16:45,17:00,1920,2151
2015-05-05,17:00,17:15,1827,2258
2015-05-05,17:15,17:30,1735,2210
2015-05-05,17:30,17:45,1643,2033
2015-05-05,17:45,18:00,1517,1892
2015-05-05,18:00,18:15,1391,1789
2015-05-05,18:15,18:30,1268,1585
2015-05-05,18:30,18:45,1145,1303
2015-05-05,18:45,19:00,1012,1115
2015-05-05,19:00,19:15,878,904
2015-05-05,19:15,19:30,746,708
2015-05-05,19:30,19:45,613,498
2015-05-05,19:45,20:00,465,334
2015-05-05,20:00,20:15,317,200
2015-05-05,20:15,20:30,171,102
2015-05-05,20:30,20:45,25,44
2015-05-05,20:45,21:00,13,12
2015-05-05,21:00,21:15,0,0
2015-05-05,21:15,21:30,0,0
2015-05-05,21:30,21:45,0,0
2015-05-05,21:45,22:00,0,0
2015-05-05,22:00,22:15,0,0
2015-05-05,22:15,22:30,0,0
2015-05-05,22:30,22:45,0,0
2015-05-05,22:45,23:00,0,0
2015-05-05,23:00,23:15,0,0
2015-05-05,23:15,23:30,0,0
2015-05-05,23:30,23:45,0,0
2015-05-05,23:45,00:00,0,0
2015-05-06,00:00,00:15,0,0
2015-05-06,00:15,00:30,0,0
2015-05-06,00:30,00:45,0,0
2015-05-06,00:45,01:00,0,0
2015-05-06,01:00,01:15,0,0
2015-05-06,01:15,01:30,0,0
2015-05-06,01:30,01:45,0,0
2015-05-06,01:45,02:00,0,0
2015-05-06,02:00,02:15,0,0
2015-05-06,02:15,02:30,0,0
2015-05-06,02:30,02:45,0,0
2015-05-06,02:45,03:00,0,0
2015-05-06,03:00,03:15,0,0
2015-05-06,03:15,03:30,0,0
2015-05-06,03:30,03:45,0,0
2015-05-06,03:45,04:00,0,0
2015-05-06,04:00,04:15,0,0
2015-05-06,04:15,04:30,0,0
2015-05-06,04:30,04:45,0,0
2015-05-06,04:45,05:00,0,0
2015-05-06,05:00,05:15,0,0
2015-05-06,05:15,05:30,0,0
2015-05-06,05:30,05:45,0,0
2015-05-06,05:45,06:00,4,2
2015-05-06,06:00,06:15,7,27
2015-05-06,06:15,06:30,15,80
2015-05-06,06:30,06:45,22,157
2015-05-06,06:45,07:00,247,269
2015-05-06,07:00,07:15,472,444
2015-05-06,07:15,07:30,705,651
2015-05-06,07:30,07:45,937,871
2015-05-06,07:45,08:00,1240,1126
2015-05-06,08:00,08:15,1543,1418
2015-05-06,08:15,08:30,1851,1735
2015-05-06,08:30,08:45,2159,2083
2015-05-06,08:45,09:00,2514,2386
2015-05-06,09:00,09:15,2868,2674
2015-05-06,09:15,09:30,3223,2932
2015-05-06,09:30,09:45,3579,3176
2015-05-06,09:45,10:00,3894,3412
2015-05-06,10:00,10:15,4210,3648
2015-05-06,10:15,10:30,4523,3840
2015-05-06,10:30,10:45,4835,3965
2015-05-06,10:45,11:00,5064,4153
2015-05-06,11:00,11:15,5294,4341
2015-05-06,11:15,11:30,5518,4442
2015-05-06,11:30,11:45,5743,4533
2015-05-06,11:45,12:00,5783,4650
2015-05-06,12:00,12:15,5822,4655
2015-05-06,12:15,12:30,5856,4607
2015-05-06,12:30,12:45,5890,4350
2015-05-06,12:45,13:00,6024,4242
2015-05-06,13:00,13:15,6158,4158
2015-05-06,13:15,13:30,6286,4038
2015-05-06,13:30,13:45,6414,3923
2015-05-06,13:45,14:00,6230,3868
2015-05-06,14:00,14:15,6047,4104
2015-05-06,14:15,14:30,5858,4309
2015-05-06,14:30,14:45,5669,4253
2015-05-06,14:45,15:00,5538,4108
2015-05-06,15:00,15:15,5408,4320
2015-05-06,15:15,15:30,5272,4394
2015-05-06,15:30,15:45,5137,4050
2015-05-06,15:45,16:00,4936,3935
2015-05-06,16:00,16:15,4735,3865
2015-05-06,16:15,16:30,4531,3830
2015-05-06,16:30,16:45,4327,3724
2015-05-06,16:45,17:00,3985,3499
2015-05-06,17:00,17:15,3642,3229
2015-05-06,17:15,17:30,3299,3068
2015-05-06,17:30,17:45,2956,2766
2015-05-06,17:45,18:00,2630,2302
2015-05-06,18:00,18:15,2305,1803
2015-05-06,18:15,18:30,1980,1449
2015-05-06,18:30,18:45,1656,1198
2015-05-06,18:45,19:00,1435,1009
2015-05-06,19:00,19:15,1214,782
2015-05-06,19:15,19:30,994,651
2015-05-06,19:30,19:45,774,534
2015-05-06,19:45,20:00,590,357
2015-05-06,20:00,20:15,406,206
2015-05-06,20:15,20:30,225,102
2015-05-06,20:30,20:45,43,43
2015-05-06,20:45,21:00,22,12
2015-05-06,21:00,21:15,0,0
2015-05-06,21:15,21:30,0,0
2015-05-06,21:30,21:45,0,0
2015-05-06,21:45,22:00,0,0
2015-05-06,22:00,22:15,0,0
2015-05-06,22:15,22:30,0,0
2015-05-06,22:30,22:45,0,0
2015-05-06,22:45,23:00,0,0
2015-05-06,23:00,23:15,0,0
2015-05-06,23:15,23:30,0,0
2015-05-06,23:30,23:45,0,0
2015-05-06,23:45,00:00,0,0
2015-05-07,00:00,00:15,0,0
2015-05-07,00:15,00:30,0,0
2015-05-07,00:30,00:45,0,0
2015-05-07,00:45,01:00,0,0
2015-05-07,01:00,01:15,0,0
2015-05-07,01:15,01:30,0,0
2015-05-07,01:30,01:45,0,0
2015-05-07,01:45,02:00,0,0
2015-05-07,02:00,02:15,0,0
2015-05-07,02:15,02:30,0,0
2015-05-07,02:30,02:45,0,0
2015-05-07,02:45,03:00,0,0
2015-05-07,03:00,03:15,0,0
2015-05-07,03:15,03:30,0,0
2015-05-07,03:30,03:45,0,0
2015-05-07,03:45,04:00,0,0
2015-05-07,04:00,04:15,0,0
2015-05-07,04:15,04:30,0,0
2015-05-07,04:30,04:45,0,0
2015-05-07,04:45,05:00,0,0
2015-05-07,05:00,05:15,0,0
2015-05-07,05:15,05:30,0,0
2015-05-07,05:30,05:45,0,0
2015-05-07,05:45,06:00,2,3
2015-05-07,06:00,06:15,5,26
2015-05-07,06:15,06:30,8,74
2015-05-07,06:30,06:45,11,140
2015-05-07,06:45,07:00,151,256
2015-05-07,07:00,07:15,291,456
2015-05-07,07:15,07:30,437,675
2015-05-07,07:30,07:45,583,875
2015-05-07,07:45,08:00,794,1064
2015-05-07,08:00,08:15,1006,1284
2015-05-07,08:15,08:30,1222,1574
2015-05-07,08:30,08:45,1438,1835
2015-05-07,08:45,09:00,1733,2053
2015-05-07,09:00,09:15,2028,2301
2015-05-07,09:15,09:30,2322,2543
2015-05-07,09:30,09:45,2617,2784
2015-05-07,09:45,10:00,2909,3099
2015-05-07,10:00,10:15,3201,3285
2015-05-07,10:15,10:30,3490,3412
2015-05-07,10:30,10:45,3779,3500
2015-05-07,10:45,11:00,3952,3530
2015-05-07,11:00,11:15,4125,3592
2015-05-07,11:15,11:30,4296,3711
2015-05-07,11:30,11:45,4467,3901
2015-05-07,11:45,12:00,4686,4262
2015-05-07,12:00,12:15,4905,4513
2015-05-07,12:15,12:30,5124,4633
2015-05-07,12:30,12:45,5342,4618
2015-05-07,12:45,13:00,5416,4748
2015-05-07,13:00,13:15,5490,4734
2015-05-07,13:15,13:30,5563,4619
2015-05-07,13:30,13:45,5636,4573
2015-05-07,13:45,14:00,5611,4578
2015-05-07,14:00,14:15,5586,4527
2015-05-07,14:15,14:30,5555,4470
2015-05-07,14:30,14:45,5523,4418
2015-05-07,14:45,15:00,5397,4337
2015-05-07,15:00,15:15,5271,4243
2015-05-07,15:15,15:30,5134,4163
2015-05-07,15:30,15:45,4996,4162
2015-05-07,15:45,16:00,4820,4148
2015-05-07,16:00,16:15,4643,4032
2015-05-07,16:15,16:30,4457,3870
2015-05-07,16:30,16:45,4271,3656
2015-05-07,16:45,17:00,3983,3353
2015-05-07,17:00,17:15,3695,3065
2015-05-07,17:15,17:30,3406,2743
2015-05-07,17:30,17:45,3117,2467
2015-05-07,17:45,18:00,2806,2201
2015-05-07,18:00,18:15,2496,1893
2015-05-07,18:15,18:30,2190,1537
2015-05-07,18:30,18:45,1884,1310
2015-05-07,18:45,19:00,1620,1061
2015-05-07,19:00,19:15,1356,829
2015-05-07,19:15,19:30,1096,628
2015-05-07,19:30,19:45,837,497
2015-05-07,19:45,20:00,636,353
2015-05-07,20:00,20:15,435,208
2015-05-07,20:15,20:30,238,98
2015-05-07,20:30,20:45,42,44
2015-05-07,20:45,21:00,21,12
2015-05-07,21:00,21:15,0,0
2015-05-07,21:15,21:30,0,0
2015-05-07,21:30,21:45,0,0
2015-05-07,21:45,22:00,0,0
2015-05-07,22:00,22:15,0,0
2015-05-07,22:15,22:30,0,0
2015-05-07,22:30,22:45,0,0
2015-05-07,22:45,23:00,0,0
2015-05-07,23:00,23:15,0,0
2015-05-07,23:15,23:30,0,0
2015-05-07,23:30,23:45,0,0
2015-05-07,23:45,00:00,0,0
2015-05-08,00:00,00:15,0,0
2015-05-08,00:15,00:30,0,0
2015-05-08,00:30,00:45,0,0
2015-05-08,00:45,01:00,0,0
2015-05-08,01:00,01:15,0,0
2015-05-08,01:15,01:30,0,0
2015-05-08,01:30,01:45,0,0
2015-05-08,01:45,02:00,0,0
2015-05-08,02:00,02:15,0,0
2015-05-08,02:15,02:30,0,0
2015-05-08,02:30,02:45,0,0
2015-05-08,02:45,03:00,0,0
2015-05-08,03:00,03:15,0,0
2015-05-08,03:15,03:30,0,0
2015-05-08,03:30,03:45,0,0
2015-05-08,03:45,04:00,0,0
2015-05-08,04:00,04:15,0,0
2015-05-08,04:15,04:30,0,0
2015-05-08,04:30,04:45,0,0
2015-05-08,04:45,05:00,0,0
2015-05-08,05:00,05:15,0,0
2015-05-08,05:15,05:30,0,0
2015-05-08,05:30,05:45,0,0
2015-05-08,05:45,06:00,0,6
2015-05-08,06:00,06:15,1,38
2015-05-08,06:15,06:30,1,96
2015-05-08,06:30,06:45,1,172
2015-05-08,06:45,07:00,223,297
2015-05-08,07:00,07:15,446,487
2015-05-08,07:15,07:30,676,711
2015-05-08,07:30,07:45,906,921
2015-05-08,07:45,08:00,1185,1131
2015-05-08,08:00,08:15,1465,1298
2015-05-08,08:15,08:30,1751,1525
2015-05-08,08:30,08:45,2036,1817
2015-05-08,08:45,09:00,2373,2131
2015-05-08,09:00,09:15,2710,2451
2015-05-08,09:15,09:30,3047,2798
2015-05-08,09:30,09:45,3384,3021
2015-05-08,09:45,10:00,3752,3355
2015-05-08,10:00,10:15,4121,3627
2015-05-08,10:15,10:30,4485,3894
2015-05-08,10:30,10:45,4848,4165
2015-05-08,10:45,11:00,5121,4355
2015-05-08,11:00,11:15,5395,4498
2015-05-08,11:15,11:30,5661,4746
2015-05-08,11:30,11:45,5927,4961
2015-05-08,11:45,12:00,6107,5134
2015-05-08,12:00,12:15,6287,5274
2015-05-08,12:15,12:30,6459,5385
2015-05-08,12:30,12:45,6631,5443
2015-05-08,12:45,13:00,6613,5588
2015-05-08,13:00,13:15,6595,5694
2015-05-08,13:15,13:30,6570,5729
2015-05-08,13:30,13:45,6546,5690
2015-05-08,13:45,14:00,6480,5686
2015-05-08,14:00,14:15,6414,5662
2015-05-08,14:15,14:30,6344,5577
2015-05-08,14:30,14:45,6273,5406
2015-05-08,14:45,15:00,5944,5214
2015-05-08,15:00,15:15,5614,5118
2015-05-08,15:15,15:30,5282,4905
2015-05-08,15:30,15:45,4950,4606
2015-05-08,15:45,16:00,4659,4343
2015-05-08,16:00,16:15,4368,4034
2015-05-08,16:15,16:30,4077,3787
2015-05-08,16:30,16:45,3786,3543
2015-05-08,16:45,17:00,3446,3151
2015-05-08,17:00,17:15,3106,2825
2015-05-08,17:15,17:30,2767,2444
2015-05-08,17:30,17:45,2428,2128
2015-05-08,17:45,18:00,2168,1790
2015-05-08,18:00,18:15,1908,1571
2015-05-08,18:15,18:30,1651,1352
2015-05-08,18:30,18:45,1393,1127
2015-05-08,18:45,19:00,1182,900
2015-05-08,19:00,19:15,970,704
2015-05-08,19:15,19:30,760,527
2015-05-08,19:30,19:45,551,379
2015-05-08,19:45,20:00,420,248
2015-05-08,20:00,20:15,290,138
2015-05-08,20:15,20:30,162,71
2015-05-08,20:30,20:45,35,33
2015-05-08,20:45,21:00,17,11
2015-05-08,21:00,21:15,0,1
2015-05-08,21:15,21:30,0,0
2015-05-08,21:30,21:45,0,0
2015-05-08,21:45,22:00,0,0
2015-05-08,22:00,22:15,0,0
2015-05-08,22:15,22:30,0,0
2015-05-08,22:30,22:45,0,0
2015-05-08,22:45,23:00,0,0
2015-05-08,23:00,23:15,0,0
2015-05-08,23:15,23:30,0,0
2015-05-08,23:30,23:45,0,0
2015-05-08,23:45,00:00,0,0
2015-05-09,00:00,00:15,0,0
2015-05-09,00:15,00:30,0,0
2015-05-09,00:30,00:45,0,0
2015-05-09,00:45,01:00,0,0
2015-05-09,01:00,01:15,0,0
2015-05-09,01:15,01:30,0,0
2015-05-09,01:30,01:45,0,0
2015-05-09,01:45,02:00,0,0
2015-05-09,02:00,02:15,0,0
2015-05-09,02:15,02:30,0,0
2015-05-09,02:30,02:45,0,0
2015-05-09,02:45,03:00,0,0
2015-05-09,03:00,03:15,0,0
2015-05-09,03:15,03:30,0,0
2015-05-09,03:30,03:45,0,0
2015-05-09,03:45,04:00,0,0
2015-05-09,04:00,04:15,0,0
2015-05-09,04:15,04:30,0,0
2015-05-09,04:30,04:45,0,0
2015-05-09,04:45,05:00,0,0
2015-05-09,05:00,05:15,0,0
2015-05-09,05:15,05:30,0,0
2015-05-09,05:30,05:45,0,0
2015-05-09,05:45,06:00,0,5
2015-05-09,06:00,06:15,0,26
2015-05-09,06:15,06:30,1,64
2015-05-09,06:30,06:45,1,109
2015-05-09,06:45,07:00,62,191
2015-05-09,07:00,07:15,123,306
2015-05-09,07:15,07:30,187,451
2015-05-09,07:30,07:45,251,587
2015-05-09,07:45,08:00,336,698
2015-05-09,08:00,08:15,421,779
2015-05-09,08:15,08:30,508,892
2015-05-09,08:30,08:45,596,1033
2015-05-09,08:45,09:00,698,1213
2015-05-09,09:00,09:15,799,1346
2015-05-09,09:15,09:30,902,1489
2015-05-09,09:30,09:45,1004,1681
2015-05-09,09:45,10:00,1222,1752
2015-05-09,10:00,10:15,1440,1895
2015-05-09,10:15,10:30,1658,2185
2015-05-09,10:30,10:45,1876,2458
2015-05-09,10:45,11:00,2194,2714
2015-05-09,11:00,11:15,2513,3014
2015-05-09,11:15,11:30,2831,3225
2015-05-09,11:30,11:45,3149,3300
2015-05-09,11:45,12:00,3257,3407
2015-05-09,12:00,12:15,3366,3596
2015-05-09,12:15,12:30,3473,3793
2015-05-09,12:30,12:45,3581,3805
2015-05-09,12:45,13:00,3747,3942
2015-05-09,13:00,13:15,3914,4034
2015-05-09,13:15,13:30,4077,4025
2015-05-09,13:30,13:45,4241,3920
2015-05-09,13:45,14:00,4405,3849
2015-05-09,14:00,14:15,4569,3795
2015-05-09,14:15,14:30,4729,3803
2015-05-09,14:30,14:45,4889,3870
2015-05-09,14:45,15:00,4873,3824
2015-05-09,15:00,15:15,4856,3861
2015-05-09,15:15,15:30,4833,3753
2015-05-09,15:30,15:45,4810,3558
2015-05-09,15:45,16:00,4519,3416
2015-05-09,16:00,16:15,4228,3196
2015-05-09,16:15,16:30,3932,2747
2015-05-09,16:30,16:45,3636,2285
2015-05-09,16:45,17:00,3340,2052
2015-05-09,17:00,17:15,3044,1935
2015-05-09,17:15,17:30,2748,1788
2015-05-09,17:30,17:45,2451,1702
2015-05-09,17:45,18:00,2146,1601
2015-05-09,18:00,18:15,1841,1584
2015-05-09,18:15,18:30,1538,1482
2015-05-09,18:30,18:45,1235,1355
2015-05-09,18:45,19:00,1050,1111
2015-05-09,19:00,19:15,865,897
2015-05-09,19:15,19:30,683,711
2015-05-09,19:30,19:45,501,517
2015-05-09,19:45,20:00,381,331
2015-05-09,20:00,20:15,261,191
2015-05-09,20:15,20:30,144,98
2015-05-09,20:30,20:45,26,44
2015-05-09,20:45,21:00,14,13
2015-05-09,21:00,21:15,2,1
2015-05-09,21:15,21:30,1,0
2015-05-09,21:30,21:45,0,0
2015-05-09,21:45,22:00,0,0
2015-05-09,22:00,22:15,0,0
2015-05-09,22:15,22:30,0,0
2015-05-09,22:30,22:45,0,0
2015-05-09,22:45,23:00,0,0
2015-05-09,23:00,23:15,0,0
2015-05-09,23:15,23:30,0,0
2015-05-09,23:30,23:45,0,0
2015-05-09,23:45,00:00,0,0
2015-05-10,00:00,00:15,0,0
2015-05-10,00:15,00:30,0,0
2015-05-10,00:30,00:45,0,0
2015-05-10,00:45,01:00,0,0
2015-05-10,01:00,01:15,0,0
2015-05-10,01:15,01:30,0,0
2015-05-10,01:30,01:45,0,0
2015-05-10,01:45,02:00,0,0
2015-05-10,02:00,02:15,0,0
2015-05-10,02:15,02:30,0,0
2015-05-10,02:30,02:45,0,0
2015-05-10,02:45,03:00,0,0
2015-05-10,03:00,03:15,0,0
2015-05-10,03:15,03:30,0,0
2015-05-10,03:30,03:45,0,0
2015-05-10,03:45,04:00,0,0
2015-05-10,04:00,04:15,0,0
2015-05-10,04:15,04:30,0,0
2015-05-10,04:30,04:45,0,0
2015-05-10,04:45,05:00,0,0
2015-05-10,05:00,05:15,0,0
2015-05-10,05:15,05:30,0,0
2015-05-10,05:30,05:45,0,0
2015-05-10,05:45,06:00,3,11
2015-05-10,06:00,06:15,6,51
2015-05-10,06:15,06:30,10,116
2015-05-10,06:30,06:45,13,211
2015-05-10,06:45,07:00,246,376
2015-05-10,07:00,07:15,479,610
2015-05-10,07:15,07:30,719,854
2015-05-10,07:30,07:45,959,1068
2015-05-10,07:45,08:00,1244,1320
2015-05-10,08:00,08:15,1528,1515
2015-05-10,08:15,08:30,1817,1888
2015-05-10,08:30,08:45,2107,2278
2015-05-10,08:45,09:00,2453,2642
2015-05-10,09:00,09:15,2798,2989
2015-05-10,09:15,09:30,3145,3299
2015-05-10,09:30,09:45,3492,3603
2015-05-10,09:45,10:00,3834,4092
2015-05-10,10:00,10:15,4176,4461
2015-05-10,10:15,10:30,4515,4721
2015-05-10,10:30,10:45,4855,4940
2015-05-10,10:45,11:00,5150,5086
2015-05-10,11:00,11:15,5446,5236
2015-05-10,11:15,11:30,5737,5427
2015-05-10,11:30,11:45,6028,5613
2015-05-10,11:45,12:00,6236,5757
2015-05-10,12:00,12:15,6443,5885
2015-05-10,12:15,12:30,6644,5826
2015-05-10,12:30,12:45,6845,5900
2015-05-10,12:45,13:00,6951,6017
2015-05-10,13:00,13:15,7058,5926
2015-05-10,13:15,13:30,7157,6047
2015-05-10,13:30,13:45,7255,6020
2015-05-10,13:45,14:00,7237,5996
2015-05-10,14:00,14:15,7219,6029
2015-05-10,14:15,14:30,7193,5970
2015-05-10,14:30,14:45,7167,5981
2015-05-10,14:45,15:00,7002,5849
2015-05-10,15:00,15:15,6838,5798
2015-05-10,15:15,15:30,6666,5670
2015-05-10,15:30,15:45,6494,5459
2015-05-10,15:45,16:00,6184,5313
2015-05-10,16:00,16:15,5875,5084
2015-05-10,16:15,16:30,5561,4773
2015-05-10,16:30,16:45,5246,4462
2015-05-10,16:45,17:00,4855,4097
2015-05-10,17:00,17:15,4463,3784
2015-05-10,17:15,17:30,4071,3411
2015-05-10,17:30,17:45,3680,3023
2015-05-10,17:45,18:00,3279,2654
2015-05-10,18:00,18:15,2878,2254
2015-05-10,18:15,18:30,2481,1886
2015-05-10,18:30,18:45,2084,1546
2015-05-10,18:45,19:00,1782,1216
2015-05-10,19:00,19:15,1481,962
2015-05-10,19:15,19:30,1185,733
2015-05-10,19:30,19:45,890,574
2015-05-10,19:45,20:00,677,435
2015-05-10,20:00,20:15,464,295
2015-05-10,20:15,20:30,255,162
2015-05-10,20:30,20:45,46,76
2015-05-10,20:45,21:00,26,25
2015-05-10,21:00,21:15,7,3
2015-05-10,21:15,21:30,4,0
2015-05-10,21:30,21:45,0,0
2015-05-10,21:45,22:00,0,0
2015-05-10,22:00,22:15,0,0
2015-05-10,22:15,22:30,0,0
2015-05-10,22:30,22:45,0,0
2015-05-10,22:45,23:00,0,0
2015-05-10,23:00,23:15,0,0
2015-05-10,23:15,23:30,0,0
2015-05-10,23:30,23:45,0,0
2015-05-10,23:45,00:00,0,0
2015-05-11,00:00,00:15,0,0
2015-05-11,00:15,00:30,0,0
2015-05-11,00:30,00:45,0,0
2015-05-11,00:45,01:00,0,0
2015-05-11,01:00,01:15,0,0
2015-05-11,01:15,01:30,0,0
2015-05-11,01:30,01:45,0,0
2015-05-11,01:45,02:00,0,0
2015-05-11,02:00,02:15,0,0
2015-05-11,02:15,02:30,0,0
2015-05-11,02:30,02:45,0,0
2015-05-11,02:45,03:00,0,0
2015-05-11,03:00,03:15,0,0
2015-05-11,03:15,03:30,0,0
2015-05-11,03:30,03:45,0,0
2015-05-11,03:45,04:00,0,0
2015-05-11,04:00,04:15,0,0
2015-05-11,04:15,04:30,0,0
2015-05-11,04:30,04:45,0,0
2015-05-11,04:45,05:00,0,0
2015-05-11,05:00,05:15,0,0
2015-05-11,05:15,05:30,0,0
2015-05-11,05:30,05:45,0,0
2015-05-11,05:45,06:00,5,15
2015-05-11,06:00,06:15,10,58
2015-05-11,06:15,06:30,16,128
2015-05-11,06:30,06:45,21,232
2015-05-11,06:45,07:00,283,436
2015-05-11,07:00,07:15,545,687
2015-05-11,07:15,07:30,815,935
2015-05-11,07:30,07:45,1084,1171
2015-05-11,07:45,08:00,1375,1432
2015-05-11,08:00,08:15,1667,1746
2015-05-11,08:15,08:30,1963,2125
2015-05-11,08:30,08:45,2260,2435
2015-05-11,08:45,09:00,2617,2647
2015-05-11,09:00,09:15,2974,2944
2015-05-11,09:15,09:30,3332,3233
2015-05-11,09:30,09:45,3690,3488
2015-05-11,09:45,10:00,4020,3754
2015-05-11,10:00,10:15,4349,4098
2015-05-11,10:15,10:30,4676,4438
2015-05-11,10:30,10:45,5002,4723
2015-05-11,10:45,11:00,5277,4954
2015-05-11,11:00,11:15,5552,5313
2015-05-11,11:15,11:30,5823,5354
2015-05-11,11:30,11:45,6094,5476
2015-05-11,11:45,12:00,6267,5535
2015-05-11,12:00,12:15,6441,5676
2015-05-11,12:15,12:30,6609,5675
2015-05-11,12:30,12:45,6777,5717
2015-05-11,12:45,13:00,6831,5800
2015-05-11,13:00,13:15,6886,5830
2015-05-11,13:15,13:30,6934,5830
2015-05-11,13:30,13:45,6983,5690
2015-05-11,13:45,14:00,6945,5614
2015-05-11,14:00,14:15,6907,5305
2015-05-11,14:15,14:30,6862,5298
2015-05-11,14:30,14:45,6817,5185
2015-05-11,14:45,15:00,6630,5052
2015-05-11,15:00,15:15,6444,4957
2015-05-11,15:15,15:30,6250,4790
2015-05-11,15:30,15:45,6056,4626
2015-05-11,15:45,16:00,5761,4473
2015-05-11,16:00,16:15,5467,4284
2015-05-11,16:15,16:30,5167,4069
2015-05-11,16:30,16:45,4868,3894
2015-05-11,16:45,17:00,4487,3637
2015-05-11,17:00,17:15,4107,3357
2015-05-11,17:15,17:30,3726,3026
2015-05-11,17:30,17:45,3345,2643
2015-05-11,17:45,18:00,2992,2291
2015-05-11,18:00,18:15,2639,1995
2015-05-11,18:15,18:30,2289,1711
2015-05-11,18:30,18:45,1939,1459
2015-05-11,18:45,19:00,1668,1189
2015-05-11,19:00,19:15,1397,975
2015-05-11,19:15,19:30,1130,767
2015-05-11,19:30,19:45,862,592
2015-05-11,19:45,20:00,656,420
2015-05-11,20:00,20:15,449,268
2015-05-11,20:15,20:30,246,148
2015-05-11,20:30,20:45,44,68
2015-05-11,20:45,21:00,25,23
2015-05-11,21:00,21:15,6,3
2015-05-11,21:15,21:30,3,0
2015-05-11,21:30,21:45,0,0
2015-05-11,21:45,22:00,0,0
2015-05-11,22:00,22:15,0,0
2015-05-11,22:15,22:30,0,0
2015-05-11,22:30,22:45,0,0
2015-05-11,22:45,23:00,0,0
2015-05-11,23:00,23:15,0,0
2015-05-11,23:15,23:30,0,0
2015-05-11,23:30,23:45,0,0
2015-05-11,23:45,00:00,0,0
2015-05-12,00:00,00:15,0,0
2015-05-12,00:15,00:30,0,0
2015-05-12,00:30,00:45,0,0
2015-05-12,00:45,01:00,0,0
2015-05-12,01:00,01:15,0,0
2015-05-12,01:15,01:30,0,0
2015-05-12,01:30,01:45,0,0
2015-05-12,01:45,02:00,0,0
2015-05-12,02:00,02:15,0,0
2015-05-12,02:15,02:30,0,0
2015-05-12,02:30,02:45,0,0
2015-05-12,02:45,03:00,0,0
2015-05-12,03:00,03:15,0,0
2015-05-12,03:15,03:30,0,0
2015-05-12,03:30,03:45,0,0
2015-05-12,03:45,04:00,0,0
2015-05-12,04:00,04:15,0,0
2015-05-12,04:15,04:30,0,0
2015-05-12,04:30,04:45,0,0
2015-05-12,04:45,05:00,0,0
2015-05-12,05:00,05:15,0,0
2015-05-12,05:15,05:30,0,0
2015-05-12,05:30,05:45,0,0
2015-05-12,05:45,06:00,0,14
2015-05-12,06:00,06:15,1,53
2015-05-12,06:15,06:30,1,114
2015-05-12,06:30,06:45,2,200
2015-05-12,06:45,07:00,198,388
2015-05-12,07:00,07:15,394,613
2015-05-12,07:15,07:30,597,829
2015-05-12,07:30,07:45,799,1027
2015-05-12,07:45,08:00,1069,1205
2015-05-12,08:00,08:15,1338,1365
2015-05-12,08:15,08:30,1613,1631
2015-05-12,08:30,08:45,1887,1862
2015-05-12,08:45,09:00,2241,2110
2015-05-12,09:00,09:15,2596,2367
2015-05-12,09:15,09:30,2950,2617
2015-05-12,09:30,09:45,3305,2883
2015-05-12,09:45,10:00,3621,3128
2015-05-12,10:00,10:15,3937,3381
2015-05-12,10:15,10:30,4249,3640
2015-05-12,10:30,10:45,4561,3884
2015-05-12,10:45,11:00,4725,4088
2015-05-12,11:00,11:15,4889,4276
2015-05-12,11:15,11:30,5047,4402
2015-05-12,11:30,11:45,5205,4633
2015-05-12,11:45,12:00,5358,4676
2015-05-12,12:00,12:15,5510,4799
2015-05-12,12:15,12:30,5655,4914
2015-05-12,12:30,12:45,5800,4870
2015-05-12,12:45,13:00,5779,4914
2015-05-12,13:00,13:15,5759,4841
2015-05-12,13:15,13:30,5732,4863
2015-05-12,13:30,13:45,5704,4772
2015-05-12,13:45,14:00,5618,4543
2015-05-12,14:00,14:15,5531,4332
2015-05-12,14:15,14:30,5441,4130
2015-05-12,14:30,14:45,5351,4005
2015-05-12,14:45,15:00,5119,3928
2015-05-12,15:00,15:15,4887,3777
2015-05-12,15:15,15:30,4654,3602
2015-05-12,15:30,15:45,4421,3513
2015-05-12,15:45,16:00,4157,3355
2015-05-12,16:00,16:15,3892,3224
2015-05-12,16:15,16:30,3628,3143
2015-05-12,16:30,16:45,3364,3078
2015-05-12,16:45,17:00,3060,2868
2015-05-12,17:00,17:15,2756,2652
2015-05-12,17:15,17:30,2452,2473
2015-05-12,17:30,17:45,2149,2287
2015-05-12,17:45,18:00,1951,2080
2015-05-12,18:00,18:15,1754,1845
2015-05-12,18:15,18:30,1557,1624
2015-05-12,18:30,18:45,1360,1424
2015-05-12,18:45,19:00,1201,1147
2015-05-12,19:00,19:15,1041,942
2015-05-12,19:15,19:30,883,727
2015-05-12,19:30,19:45,724,568
2015-05-12,19:45,20:00,555,404
2015-05-12,20:00,20:15,386,252
2015-05-12,20:15,20:30,219,145
2015-05-12,20:30,20:45,53,77
2015-05-12,20:45,21:00,34,29
2015-05-12,21:00,21:15,15,5
2015-05-12,21:15,21:30,7,0
2015-05-12,21:30,21:45,0,0
2015-05-12,21:45,22:00,0,0
2015-05-12,22:00,22:15,0,0
2015-05-12,22:15,22:30,0,0
2015-05-12,22:30,22:45,0,0
2015-05-12,22:45,23:00,0,0
2015-05-12,23:00,23:15,0,0
2015-05-12,23:15,23:30,0,0
2015-05-12,23:30,23:45,0,0
2015-05-12,23:45,00:00,0,0
2015-05-13,00:00,00:15,0,0
2015-05-13,00:15,00:30,0,0
2015-05-13,00:30,00:45,0,0
2015-05-13,00:45,01:00,0,0
2015-05-13,01:00,01:15,0,0
2015-05-13,01:15,01:30,0,0
2015-05-13,01:30,01:45,0,0
2015-05-13,01:45,02:00,0,0
2015-05-13,02:00,02:15,0,0
2015-05-13,02:15,02:30,0,0
2015-05-13,02:30,02:45,0,0
2015-05-13,02:45,03:00,0,0
2015-05-13,03:00,03:15,0,0
2015-05-13,03:15,03:30,0,0
2015-05-13,03:30,03:45,0,0
2015-05-13,03:45,04:00,0,0
2015-05-13,04:00,04:15,0,0
2015-05-13,04:15,04:30,0,0
2015-05-13,04:30,04:45,0,0
2015-05-13,04:45,05:00,0,0
2015-05-13,05:00,05:15,0,0
2015-05-13,05:15,05:30,0,0
2015-05-13,05:30,05:45,0,1
2015-05-13,05:45,06:00,11,21
2015-05-13,06:00,06:15,21,73
2015-05-13,06:15,06:30,32,150
2015-05-13,06:30,06:45,42,266
2015-05-13,06:45,07:00,316,412
2015-05-13,07:00,07:15,589,566
2015-05-13,07:15,07:30,870,794
2015-05-13,07:30,07:45,1151,1022
2015-05-13,07:45,08:00,1467,1293
2015-05-13,08:00,08:15,1782,1563
2015-05-13,08:15,08:30,2103,1857
2015-05-13,08:30,08:45,2424,2228
2015-05-13,08:45,09:00,2838,2621
2015-05-13,09:00,09:15,3251,3033
2015-05-13,09:15,09:30,3665,3459
2015-05-13,09:30,09:45,4079,3806
2015-05-13,09:45,10:00,4467,4096
2015-05-13,10:00,10:15,4856,4356
2015-05-13,10:15,10:30,5241,4618
2015-05-13,10:30,10:45,5625,4856
2015-05-13,10:45,11:00,5910,5078
2015-05-13,11:00,11:15,6195,5230
2015-05-13,11:15,11:30,6475,5367
2015-05-13,11:30,11:45,6755,5398
2015-05-13,11:45,12:00,6918,5435
2015-05-13,12:00,12:15,7080,5442
2015-05-13,12:15,12:30,7237,5509
2015-05-13,12:30,12:45,7394,5558
2015-05-13,12:45,13:00,7360,5577
2015-05-13,13:00,13:15,7327,5483
2015-05-13,13:15,13:30,7287,5455
2015-05-13,13:30,13:45,7247,5349
2015-05-13,13:45,14:00,7114,5224
2015-05-13,14:00,14:15,6981,5325
2015-05-13,14:15,14:30,6842,5267
2015-05-13,14:30,14:45,6702,5189
2015-05-13,14:45,15:00,6487,4990
2015-05-13,15:00,15:15,6271,4737
2015-05-13,15:15,15:30,6049,4310
2015-05-13,15:30,15:45,5828,3826
2015-05-13,15:45,16:00,5543,3512
2015-05-13,16:00,16:15,5259,3312
2015-05-13,16:15,16:30,4972,3205
2015-05-13,16:30,16:45,4685,3007
2015-05-13,16:45,17:00,4282,2855
2015-05-13,17:00,17:15,3880,2643
2015-05-13,17:15,17:30,3479,2405
2015-05-13,17:30,17:45,3078,2170
2015-05-13,17:45,18:00,2754,1911
2015-05-13,18:00,18:15,2429,1636
2015-05-13,18:15,18:30,2109,1414
2015-05-13,18:30,18:45,1788,1174
2015-05-13,18:45,19:00,1521,970
2015-05-13,19:00,19:15,1254,800
2015-05-13,19:15,19:30,991,686
2015-05-13,19:30,19:45,728,575
2015-05-13,19:45,20:00,556,418
2015-05-13,20:00,20:15,384,269
2015-05-13,20:15,20:30,216,149
2015-05-13,20:30,20:45,47,76
2015-05-13,20:45,21:00,31,32
2015-05-13,21:00,21:15,14,7
2015-05-13,21:15,21:30,7,0
2015-05-13,21:30,21:45,0,0
2015-05-13,21:45,22:00,0,0
2015-05-13,22:00,22:15,0,0
2015-05-13,22:15,22:30,0,0
2015-05-13,22:30,22:45,0,0
2015-05-13,22:45,23:00,0,0
2015-05-13,23:00,23:15,0,0
2015-05-13,23:15,23:30,0,0
2015-05-13,23:30,23:45,0,0
2015-05-13,23:45,00:00,0,0
2015-05-14,00:00,00:15,0,0
2015-05-14,00:15,00:30,0,0
2015-05-14,00:30,00:45,0,0
2015-05-14,00:45,01:00,0,0
2015-05-14,01:00,01:15,0,0
2015-05-14,01:15,01:30,0,0
2015-05-14,01:30,01:45,0,0
2015-05-14,01:45,02:00,0,0
2015-05-14,02:00,02:15,0,0
2015-05-14,02:15,02:30,0,0
2015-05-14,02:30,02:45,0,0
2015-05-14,02:45,03:00,0,0
2015-05-14,03:00,03:15,0,0
2015-05-14,03:15,03:30,0,0
2015-05-14,03:30,03:45,0,0
2015-05-14,03:45,04:00,0,0
2015-05-14,04:00,04:15,0,0
2015-05-14,04:15,04:30,0,0
2015-05-14,04:30,04:45,0,0
2015-05-14,04:45,05:00,0,0
2015-05-14,05:00,05:15,0,0
2015-05-14,05:15,05:30,0,0
2015-05-14,05:30,05:45,0,1
2015-05-14,05:45,06:00,11,22
2015-05-14,06:00,06:15,21,75
2015-05-14,06:15,06:30,32,151
2015-05-14,06:30,06:45,42,248
2015-05-14,06:45,07:00,304,409
2015-05-14,07:00,07:15,566,613
2015-05-14,07:15,07:30,834,817
2015-05-14,07:30,07:45,1102,1030
2015-05-14,07:45,08:00,1398,1281
2015-05-14,08:00,08:15,1695,1555
2015-05-14,08:15,08:30,1997,1711
2015-05-14,08:30,08:45,2298,1995
2015-05-14,08:45,09:00,2672,2245
2015-05-14,09:00,09:15,3047,2475
2015-05-14,09:15,09:30,3421,2725
2015-05-14,09:30,09:45,3796,2951
2015-05-14,09:45,10:00,4139,3093
2015-05-14,10:00,10:15,4483,3220
2015-05-14,10:15,10:30,4823,3356
2015-05-14,10:30,10:45,5164,3537
2015-05-14,10:45,11:00,5420,3741
2015-05-14,11:00,11:15,5677,3957
2015-05-14,11:15,11:30,5930,4188
2015-05-14,11:30,11:45,6183,4377
2015-05-14,11:45,12:00,6331,4405
2015-05-14,12:00,12:15,6480,4469
2015-05-14,12:15,12:30,6623,4517
2015-05-14,12:30,12:45,6767,4595
2015-05-14,12:45,13:00,6708,4652
2015-05-14,13:00,13:15,6648,4710
2015-05-14,13:15,13:30,6583,4762
2015-05-14,13:30,13:45,6519,4709
2015-05-14,13:45,14:00,6436,4607
2015-05-14,14:00,14:15,6354,4652
2015-05-14,14:15,14:30,6266,4566
2015-05-14,14:30,14:45,6178,4530
2015-05-14,14:45,15:00,5860,4325
2015-05-14,15:00,15:15,5541,4200
2015-05-14,15:15,15:30,5217,4094
2015-05-14,15:30,15:45,4892,3921
2015-05-14,15:45,16:00,4596,3706
2015-05-14,16:00,16:15,4300,3436
2015-05-14,16:15,16:30,4000,3189
2015-05-14,16:30,16:45,3700,2865
2015-05-14,16:45,17:00,3366,2608
2015-05-14,17:00,17:15,3032,2461
2015-05-14,17:15,17:30,2699,2268
2015-05-14,17:30,17:45,2365,2044
2015-05-14,17:45,18:00,2081,1820
2015-05-14,18:00,18:15,1797,1600
2015-05-14,18:15,18:30,1516,1358
2015-05-14,18:30,18:45,1235,1141
2015-05-14,18:45,19:00,1028,917
2015-05-14,19:00,19:15,820,752
2015-05-14,19:15,19:30,617,611
2015-05-14,19:30,19:45,413,458
2015-05-14,19:45,20:00,316,326
2015-05-14,20:00,20:15,219,211
2015-05-14,20:15,20:30,125,117
2015-05-14,20:30,20:45,31,58
2015-05-14,20:45,21:00,20,24
2015-05-14,21:00,21:15,9,6
2015-05-14,21:15,21:30,4,0
2015-05-14,21:30,21:45,0,0
2015-05-14,21:45,22:00,0,0
2015-05-14,22:00,22:15,0,0
2015-05-14,22:15,22:30,0,0
2015-05-14,22:30,22:45,0,0
2015-05-14,22:45,23:00,0,0
2015-05-14,23:00,23:15,0,0
2015-05-14,23:15,23:30,0,0
2015-05-14,23:30,23:45,0,0
2015-05-14,23:45,00:00,0,0
2015-05-15,00:00,00:15,0,0
2015-05-15,00:15,00:30,0,0
2015-05-15,00:30,00:45,0,0
2015-05-15,00:45,01:00,0,0
2015-05-15,01:00,01:15,0,0
2015-05-15,01:15,01:30,0,0
2015-05-15,01:30,01:45,0,0
2015-05-15,01:45,02:00,0,0
2015-05-15,02:00,02:15,0,0
2015-05-15,02:15,02:30,0,0
2015-05-15,02:30,02:45,0,0
2015-05-15,02:45,03:00,0,0
2015-05-15,03:00,03:15,0,0
2015-05-15,03:15,03:30,0,0
2015-05-15,03:30,03:45,0,0
2015-05-15,03:45,04:00,0,0
2015-05-15,04:00,04:15,0,0
2015-05-15,04:15,04:30,0,0
2015-05-15,04:30,04:45,0,0
2015-05-15,04:45,05:00,0,0
2015-05-15,05:00,05:15,0,0
2015-05-15,05:15,05:30,0,0
2015-05-15,05:30,05:45,0,2
2015-05-15,05:45,06:00,4,19
2015-05-15,06:00,06:15,9,55
2015-05-15,06:15,06:30,14,106
2015-05-15,06:30,06:45,18,157
2015-05-15,06:45,07:00,123,242
2015-05-15,07:00,07:15,227,347
2015-05-15,07:15,07:30,335,473
2015-05-15,07:30,07:45,444,604
2015-05-15,07:45,08:00,632,747
2015-05-15,08:00,08:15,821,913
2015-05-15,08:15,08:30,1012,1047
2015-05-15,08:30,08:45,1204,1234
2015-05-15,08:45,09:00,1459,1430
2015-05-15,09:00,09:15,1715,1646
2015-05-15,09:15,09:30,1972,1834
2015-05-15,09:30,09:45,2228,2004
2015-05-15,09:45,10:00,2529,2231
2015-05-15,10:00,10:15,2830,2485
2015-05-15,10:15,10:30,3129,2739
2015-05-15,10:30,10:45,3429,3014
2015-05-15,10:45,11:00,3687,3234
2015-05-15,11:00,11:15,3945,3378
2015-05-15,11:15,11:30,4201,3574
2015-05-15,11:30,11:45,4457,3748
2015-05-15,11:45,12:00,4678,3922
2015-05-15,12:00,12:15,4899,4085
2015-05-15,12:15,12:30,5117,4286
2015-05-15,12:30,12:45,5335,4375
2015-05-15,12:45,13:00,5398,4508
2015-05-15,13:00,13:15,5461,4612
2015-05-15,13:15,13:30,5520,4735
2015-05-15,13:30,13:45,5580,4753
2015-05-15,13:45,14:00,5565,4782
2015-05-15,14:00,14:15,5550,4818
2015-05-15,14:15,14:30,5530,4856
2015-05-15,14:30,14:45,5510,4865
2015-05-15,14:45,15:00,5378,4759
2015-05-15,15:00,15:15,5246,4690
2015-05-15,15:15,15:30,5109,4589
2015-05-15,15:30,15:45,4971,4449
2015-05-15,15:45,16:00,4749,4319
2015-05-15,16:00,16:15,4527,4113
2015-05-15,16:15,16:30,4300,3927
2015-05-15,16:30,16:45,4074,3706
2015-05-15,16:45,17:00,3779,3467
2015-05-15,17:00,17:15,3484,3194
2015-05-15,17:15,17:30,3188,2941
2015-05-15,17:30,17:45,2892,2651
2015-05-15,17:45,18:00,2604,2393
2015-05-15,18:00,18:15,2316,2078
2015-05-15,18:15,18:30,2029,1789
2015-05-15,18:30,18:45,1741,1529
2015-05-15,18:45,19:00,1504,1251
2015-05-15,19:00,19:15,1267,1002
2015-05-15,19:15,19:30,1032,780
2015-05-15,19:30,19:45,797,603
2015-05-15,19:45,20:00,613,460
2015-05-15,20:00,20:15,428,358
2015-05-15,20:15,20:30,247,244
2015-05-15,20:30,20:45,65,121
2015-05-15,20:45,21:00,45,47
2015-05-15,21:00,21:15,25,10
2015-05-15,21:15,21:30,12,0
2015-05-15,21:30,21:45,0,0
2015-05-15,21:45,22:00,0,0
2015-05-15,22:00,22:15,0,0
2015-05-15,22:15,22:30,0,0
2015-05-15,22:30,22:45,0,0
2015-05-15,22:45,23:00,0,0
2015-05-15,23:00,23:15,0,0
2015-05-15,23:15,23:30,0,0
2015-05-15,23:30,23:45,0,0
2015-05-15,23:45,00:00,0,0
2015-05-16,00:00,00:15,0,0
2015-05-16,00:15,00:30,0,0
2015-05-16,00:30,00:45,0,0
2015-05-16,00:45,01:00,0,0
2015-05-16,01:00,01:15,0,0
2015-05-16,01:15,01:30,0,0
2015-05-16,01:30,01:45,0,0
2015-05-16,01:45,02:00,0,0
2015-05-16,02:00,02:15,0,0
2015-05-16,02:15,02:30,0,0
2015-05-16,02:30,02:45,0,0
2015-05-16,02:45,03:00,0,0
2015-05-16,03:00,03:15,0,0
2015-05-16,03:15,03:30,0,0
2015-05-16,03:30,03:45,0,0
2015-05-16,03:45,04:00,0,0
2015-05-16,04:00,04:15,0,0
2015-05-16,04:15,04:30,0,0
2015-05-16,04:30,04:45,0,0
2015-05-16,04:45,05:00,0,0
2015-05-16,05:00,05:15,0,0
2015-05-16,05:15,05:30,0,0
2015-05-16,05:30,05:45,0,3
2015-05-16,05:45,06:00,16,28
2015-05-16,06:00,06:15,32,82
2015-05-16,06:15,06:30,48,160
2015-05-16,06:30,06:45,64,268
2015-05-16,06:45,07:00,270,453
2015-05-16,07:00,07:15,476,649
2015-05-16,07:15,07:30,687,826
2015-05-16,07:30,07:45,898,983
2015-05-16,07:45,08:00,1123,1152
2015-05-16,08:00,08:15,1347,1282
2015-05-16,08:15,08:30,1574,1486
2015-05-16,08:30,08:45,1801,1712
2015-05-16,08:45,09:00,2086,1923
2015-05-16,09:00,09:15,2370,2145
2015-05-16,09:15,09:30,2652,2322
2015-05-16,09:30,09:45,2934,2388
2015-05-16,09:45,10:00,3155,2464
2015-05-16,10:00,10:15,3377,2558
2015-05-16,10:15,10:30,3594,2648
2015-05-16,10:30,10:45,3811,2698
2015-05-16,10:45,11:00,3910,2769
2015-05-16,11:00,11:15,4009,2854
2015-05-16,11:15,11:30,4104,2883
2015-05-16,11:30,11:45,4199,2957
2015-05-16,11:45,12:00,4210,2936
2015-05-16,12:00,12:15,4221,2961
2015-05-16,12:15,12:30,4229,3016
2015-05-16,12:30,12:45,4237,3059
2015-05-16,12:45,13:00,4143,3071
2015-05-16,13:00,13:15,4049,3053
2015-05-16,13:15,13:30,3952,2961
2015-05-16,13:30,13:45,3856,2888
2015-05-16,13:45,14:00,3727,2798
2015-05-16,14:00,14:15,3598,2701
2015-05-16,14:15,14:30,3468,2714
2015-05-16,14:30,14:45,3338,2602
2015-05-16,14:45,15:00,3137,2484
2015-05-16,15:00,15:15,2935,2398
2015-05-16,15:15,15:30,2734,2304
2015-05-16,15:30,15:45,2533,2140
2015-05-16,15:45,16:00,2346,2108
2015-05-16,16:00,16:15,2159,1941
2015-05-16,16:15,16:30,1972,1838
2015-05-16,16:30,16:45,1785,1690
2015-05-16,16:45,17:00,1613,1577
2015-05-16,17:00,17:15,1441,1454
2015-05-16,17:15,17:30,1269,1332
2015-05-16,17:30,17:45,1098,1235
2015-05-16,17:45,18:00,968,1134
2015-05-16,18:00,18:15,839,1016
2015-05-16,18:15,18:30,710,871
2015-05-16,18:30,18:45,581,746
2015-05-16,18:45,19:00,493,680
2015-05-16,19:00,19:15,406,610
2015-05-16,19:15,19:30,318,487
2015-05-16,19:30,19:45,230,365
2015-05-16,19:45,20:00,177,251
2015-05-16,20:00,20:15,124,159
2015-05-16,20:15,20:30,72,99
2015-05-16,20:30,20:45,20,57
2015-05-16,20:45,21:00,13,28
2015-05-16,21:00,21:15,6,7
2015-05-16,21:15,21:30,3,0
2015-05-16,21:30,21:45,0,0
2015-05-16,21:45,22:00,0,0
2015-05-16,22:00,22:15,0,0
2015-05-16,22:15,22:30,0,0
2015-05-16,22:30,22:45,0,0
2015-05-16,22:45,23:00,0,0
2015-05-16,23:00,23:15,0,0
2015-05-16,23:15,23:30,0,0
2015-05-16,23:30,23:45,0,0
2015-05-16,23:45,00:00,0,0
2015-05-17,00:00,00:15,0,0
2015-05-17,00:15,00:30,0,0
2015-05-17,00:30,00:45,0,0
2015-05-17,00:45,01:00,0,0
2015-05-17,01:00,01:15,0,0
2015-05-17,01:15,01:30,0,0
2015-05-17,01:30,01:45,0,0
2015-05-17,01:45,02:00,0,0
2015-05-17,02:00,02:15,0,0
2015-05-17,02:15,02:30,0,0
2015-05-17,02:30,02:45,0,0
2015-05-17,02:45,03:00,0,0
2015-05-17,03:00,03:15,0,0
2015-05-17,03:15,03:30,0,0
2015-05-17,03:30,03:45,0,0
2015-05-17,03:45,04:00,0,0
2015-05-17,04:00,04:15,0,0
2015-05-17,04:15,04:30,0,0
2015-05-17,04:30,04:45,0,0
2015-05-17,04:45,05:00,0,0
2015-05-17,05:00,05:15,0,0
2015-05-17,05:15,05:30,0,0
2015-05-17,05:30,05:45,0,3
2015-05-17,05:45,06:00,8,23
2015-05-17,06:00,06:15,17,65
2015-05-17,06:15,06:30,25,123
2015-05-17,06:30,06:45,32,206
2015-05-17,06:45,07:00,180,345
2015-05-17,07:00,07:15,327,507
2015-05-17,07:15,07:30,478,649
2015-05-17,07:30,07:45,629,780
2015-05-17,07:45,08:00,786,934
2015-05-17,08:00,08:15,944,1100
2015-05-17,08:15,08:30,1104,1246
2015-05-17,08:30,08:45,1264,1482
2015-05-17,08:45,09:00,1452,1752
2015-05-17,09:00,09:15,1640,2020
2015-05-17,09:15,09:30,1827,2290
2015-05-17,09:30,09:45,2015,2618
2015-05-17,09:45,10:00,2178,2924
2015-05-17,10:00,10:15,2341,3123
2015-05-17,10:15,10:30,2502,3380
2015-05-17,10:30,10:45,2663,3641
2015-05-17,10:45,11:00,2781,3817
2015-05-17,11:00,11:15,2898,3895
2015-05-17,11:15,11:30,3014,3913
2015-05-17,11:30,11:45,3130,4015
2015-05-17,11:45,12:00,3184,3956
2015-05-17,12:00,12:15,3238,3915
2015-05-17,12:15,12:30,3292,3833
2015-05-17,12:30,12:45,3345,3845
2015-05-17,12:45,13:00,3422,3888
2015-05-17,13:00,13:15,3499,4147
2015-05-17,13:15,13:30,3575,4273
2015-05-17,13:30,13:45,3652,4231
2015-05-17,13:45,14:00,3728,4334
2015-05-17,14:00,14:15,3804,4401
2015-05-17,14:15,14:30,3877,4357
2015-05-17,14:30,14:45,3950,4443
2015-05-17,14:45,15:00,3864,4361
2015-05-17,15:00,15:15,3777,4337
2015-05-17,15:15,15:30,3686,4187
2015-05-17,15:30,15:45,3594,4084
2015-05-17,15:45,16:00,3452,3935
2015-05-17,16:00,16:15,3310,3900
2015-05-17,16:15,16:30,3164,3625
2015-05-17,16:30,16:45,3018,3489
2015-05-17,16:45,17:00,2806,3226
2015-05-17,17:00,17:15,2594,2877
2015-05-17,17:15,17:30,2381,2612
2015-05-17,17:30,17:45,2168,2430
2015-05-17,17:45,18:00,1965,2221
2015-05-17,18:00,18:15,1762,1968
2015-05-17,18:15,18:30,1560,1748
2015-05-17,18:30,18:45,1358,1524
2015-05-17,18:45,19:00,1191,1264
2015-05-17,19:00,19:15,1024,1026
2015-05-17,19:15,19:30,857,845
2015-05-17,19:30,19:45,690,670
2015-05-17,19:45,20:00,524,521
2015-05-17,20:00,20:15,358,348
2015-05-17,20:15,20:30,194,188
2015-05-17,20:30,20:45,30,97
2015-05-17,20:45,21:00,20,48
2015-05-17,21:00,21:15,10,15
2015-05-17,21:15,21:30,5,0
2015-05-17,21:30,21:45,0,0
2015-05-17,21:45,22:00,0,0
2015-05-17,22:00,22:15,0,0
2015-05-17,22:15,22:30,0,0
2015-05-17,22:30,22:45,0,0
2015-05-17,22:45,23:00,0,0
2015-05-17,23:00,23:15,0,0
2015-05-17,23:15,23:30,0,0
2015-05-17,23:30,23:45,0,0
2015-05-17,23:45,00:00,0,0
2015-05-18,00:00,00:15,0,0
2015-05-18,00:15,00:30,0,0
2015-05-18,00:30,00:45,0,0
2015-05-18,00:45,01:00,0,0
2015-05-18,01:00,01:15,0,0
2015-05-18,01:15,01:30,0,0
2015-05-18,01:30,01:45,0,0
2015-05-18,01:45,02:00,0,0
2015-05-18,02:00,02:15,0,0
2015-05-18,02:15,02:30,0,0
2015-05-18,02:30,02:45,0,0
2015-05-18,02:45,03:00,0,0
2015-05-18,03:00,03:15,0,0
2015-05-18,03:15,03:30,0,0
2015-05-18,03:30,03:45,0,0
2015-05-18,03:45,04:00,0,0
2015-05-18,04:00,04:15,0,0
2015-05-18,04:15,04:30,0,0
2015-05-18,04:30,04:45,0,0
2015-05-18,04:45,05:00,0,0
2015-05-18,05:00,05:15,0,0
2015-05-18,05:15,05:30,0,0
2015-05-18,05:30,05:45,0,5
2015-05-18,05:45,06:00,19,37
2015-05-18,06:00,06:15,37,96
2015-05-18,06:15,06:30,57,181
2015-05-18,06:30,06:45,77,312
2015-05-18,06:45,07:00,284,516
2015-05-18,07:00,07:15,491,739
2015-05-18,07:15,07:30,704,960
2015-05-18,07:30,07:45,917,1187
2015-05-18,07:45,08:00,1143,1423
2015-05-18,08:00,08:15,1369,1703
2015-05-18,08:15,08:30,1600,1991
2015-05-18,08:30,08:45,1830,2282
2015-05-18,08:45,09:00,2102,2560
2015-05-18,09:00,09:15,2374,2849
2015-05-18,09:15,09:30,2646,3163
2015-05-18,09:30,09:45,2918,3591
2015-05-18,09:45,10:00,3172,3845
2015-05-18,10:00,10:15,3427,4096
2015-05-18,10:15,10:30,3678,4286
2015-05-18,10:30,10:45,3929,4448
2015-05-18,10:45,11:00,4134,4571
2015-05-18,11:00,11:15,4340,4593
2015-05-18,11:15,11:30,4540,4724
2015-05-18,11:30,11:45,4741,4822
2015-05-18,11:45,12:00,4861,4786
2015-05-18,12:00,12:15,4981,4853
2015-05-18,12:15,12:30,5096,4981
2015-05-18,12:30,12:45,5211,5100
2015-05-18,12:45,13:00,5210,5176
2015-05-18,13:00,13:15,5208,5156
2015-05-18,13:15,13:30,5201,5177
2015-05-18,13:30,13:45,5195,5203
2015-05-18,13:45,14:00,5102,5247
2015-05-18,14:00,14:15,5009,5258
2015-05-18,14:15,14:30,4912,5247
2015-05-18,14:30,14:45,4814,5305
2015-05-18,14:45,15:00,4679,5233
2015-05-18,15:00,15:15,4543,5081
2015-05-18,15:15,15:30,4403,4892
2015-05-18,15:30,15:45,4263,4704
2015-05-18,15:45,16:00,4014,4542
2015-05-18,16:00,16:15,3765,4288
2015-05-18,16:15,16:30,3515,4050
2015-05-18,16:30,16:45,3264,3718
2015-05-18,16:45,17:00,2973,3336
2015-05-18,17:00,17:15,2682,3014
2015-05-18,17:15,17:30,2392,2759
2015-05-18,17:30,17:45,2102,2475
2015-05-18,17:45,18:00,1852,2101
2015-05-18,18:00,18:15,1601,1764
2015-05-18,18:15,18:30,1354,1483
2015-05-18,18:30,18:45,1106,1264
2015-05-18,18:45,19:00,928,1022
2015-05-18,19:00,19:15,751,837
2015-05-18,19:15,19:30,575,648
2015-05-18,19:30,19:45,398,505
2015-05-18,19:45,20:00,305,368
2015-05-18,20:00,20:15,212,247
2015-05-18,20:15,20:30,121,140
2015-05-18,20:30,20:45,31,70
2015-05-18,20:45,21:00,19,29
2015-05-18,21:00,21:15,8,7
2015-05-18,21:15,21:30,4,0
2015-05-18,21:30,21:45,0,0
2015-05-18,21:45,22:00,0,0
2015-05-18,22:00,22:15,0,0
2015-05-18,22:15,22:30,0,0
2015-05-18,22:30,22:45,0,0
2015-05-18,22:45,23:00,0,0
2015-05-18,23:00,23:15,0,0
2015-05-18,23:15,23:30,0,0
2015-05-18,23:30,23:45,0,0
2015-05-18,23:45,00:00,0,0
2015-05-19,00:00,00:15,0,0
2015-05-19,00:15,00:30,0,0
2015-05-19,00:30,00:45,0,0
2015-05-19,00:45,01:00,0,0
2015-05-19,01:00,01:15,0,0
2015-05-19,01:15,01:30,0,0
2015-05-19,01:30,01:45,0,0
2015-05-19,01:45,02:00,0,0
2015-05-19,02:00,02:15,0,0
2015-05-19,02:15,02:30,0,0
2015-05-19,02:30,02:45,0,0
2015-05-19,02:45,03:00,0,0
2015-05-19,03:00,03:15,0,0
2015-05-19,03:15,03:30,0,0
2015-05-19,03:30,03:45,0,0
2015-05-19,03:45,04:00,0,0
2015-05-19,04:00,04:15,0,0
2015-05-19,04:15,04:30,0,0
2015-05-19,04:30,04:45,0,0
2015-05-19,04:45,05:00,0,0
2015-05-19,05:00,05:15,0,0
2015-05-19,05:15,05:30,0,0
2015-05-19,05:30,05:45,0,6
2015-05-19,05:45,06:00,9,34
2015-05-19,06:00,06:15,17,85
2015-05-19,06:15,06:30,27,157
2015-05-19,06:30,06:45,36,257
2015-05-19,06:45,07:00,176,406
2015-05-19,07:00,07:15,316,566
2015-05-19,07:15,07:30,460,731
2015-05-19,07:30,07:45,605,883
2015-05-19,07:45,08:00,813,1062
2015-05-19,08:00,08:15,1021,1229
2015-05-19,08:15,08:30,1234,1396
2015-05-19,08:30,08:45,1446,1593
2015-05-19,08:45,09:00,1731,1804
2015-05-19,09:00,09:15,2016,2013
2015-05-19,09:15,09:30,2302,2257
2015-05-19,09:30,09:45,2587,2454
2015-05-19,09:45,10:00,2823,2634
2015-05-19,10:00,10:15,3058,2884
2015-05-19,10:15,10:30,3291,3047
2015-05-19,10:30,10:45,3524,3292
2015-05-19,10:45,11:00,3621,3518
2015-05-19,11:00,11:15,3719,3659
2015-05-19,11:15,11:30,3812,3753
2015-05-19,11:30,11:45,3906,3888
2015-05-19,11:45,12:00,4029,4006
2015-05-19,12:00,12:15,4153,4038
2015-05-19,12:15,12:30,4271,4049
2015-05-19,12:30,12:45,4389,4034
2015-05-19,12:45,13:00,4338,4101
2015-05-19,13:00,13:15,4287,4050
2015-05-19,13:15,13:30,4231,3931
2015-05-19,13:30,13:45,4175,3977
2015-05-19,13:45,14:00,4052,3955
2015-05-19,14:00,14:15,3929,3970
2015-05-19,14:15,14:30,3801,3912
2015-05-19,14:30,14:45,3673,3937
2015-05-19,14:45,15:00,3533,3840
2015-05-19,15:00,15:15,3394,3583
2015-05-19,15:15,15:30,3251,3295
2015-05-19,15:30,15:45,3108,3246
2015-05-19,15:45,16:00,2984,2924
2015-05-19,16:00,16:15,2860,2798
2015-05-19,16:15,16:30,2735,2685
2015-05-19,16:30,16:45,2610,2460
2015-05-19,16:45,17:00,2480,2315
2015-05-19,17:00,17:15,2349,2202
2015-05-19,17:15,17:30,2220,2028
2015-05-19,17:30,17:45,2090,1880
2015-05-19,17:45,18:00,1902,1687
2015-05-19,18:00,18:15,1714,1467
2015-05-19,18:15,18:30,1527,1290
2015-05-19,18:30,18:45,1341,1218
2015-05-19,18:45,19:00,1172,1034
2015-05-19,19:00,19:15,1003,926
2015-05-19,19:15,19:30,834,751
2015-05-19,19:30,19:45,664,606
2015-05-19,19:45,20:00,508,476
2015-05-19,20:00,20:15,352,340
2015-05-19,20:15,20:30,199,206
2015-05-19,20:30,20:45,45,109
2015-05-19,20:45,21:00,32,54
2015-05-19,21:00,21:15,20,17
2015-05-19,21:15,21:30,10,1
2015-05-19,21:30,21:45,0,0
2015-05-19,21:45,22:00,0,0
2015-05-19,22:00,22:15,0,0
2015-05-19,22:15,22:30,0,0
2015-05-19,22:30,22:45,0,0
2015-05-19,22:45,23:00,0,0
2015-05-19,23:00,23:15,0,0
2015-05-19,23:15,23:30,0,0
2015-05-19,23:30,23:45,0,0
2015-05-19,23:45,00:00,0,0
2015-05-20,00:00,00:15,0,0
2015-05-20,00:15,00:30,0,0
2015-05-20,00:30,00:45,0,0
2015-05-20,00:45,01:00,0,0
2015-05-20,01:00,01:15,0,0
2015-05-20,01:15,01:30,0,0
2015-05-20,01:30,01:45,0,0
2015-05-20,01:45,02:00,0,0
2015-05-20,02:00,02:15,0,0
2015-05-20,02:15,02:30,0,0
2015-05-20,02:30,02:45,0,0
2015-05-20,02:45,03:00,0,0
2015-05-20,03:00,03:15,0,0
2015-05-20,03:15,03:30,0,0
2015-05-20,03:30,03:45,0,0
2015-05-20,03:45,04:00,0,0
2015-05-20,04:00,04:15,0,0
2015-05-20,04:15,04:30,0,0
2015-05-20,04:30,04:45,0,0
2015-05-20,04:45,05:00,0,0
2015-05-20,05:00,05:15,0,0
2015-05-20,05:15,05:30,0,0
2015-05-20,05:30,05:45,0,7
2015-05-20,05:45,06:00,18,34
2015-05-20,06:00,06:15,36,80
2015-05-20,06:15,06:30,54,146
2015-05-20,06:30,06:45,73,254
2015-05-20,06:45,07:00,242,384
2015-05-20,07:00,07:15,412,526
2015-05-20,07:15,07:30,586,687
2015-05-20,07:30,07:45,761,869
2015-05-20,07:45,08:00,953,1047
2015-05-20,08:00,08:15,1145,1242
2015-05-20,08:15,08:30,1340,1509
2015-05-20,08:30,08:45,1536,1750
2015-05-20,08:45,09:00,1749,1988
2015-05-20,09:00,09:15,1963,2214
2015-05-20,09:15,09:30,2177,2382
2015-05-20,09:30,09:45,2392,2591
2015-05-20,09:45,10:00,2538,2732
2015-05-20,10:00,10:15,2685,2900
2015-05-20,10:15,10:30,2830,3034
2015-05-20,10:30,10:45,2974,3070
2015-05-20,10:45,11:00,3106,3157
2015-05-20,11:00,11:15,3238,3260
2015-05-20,11:15,11:30,3366,3296
2015-05-20,11:30,11:45,3495,3315
2015-05-20,11:45,12:00,3525,3409
2015-05-20,12:00,12:15,3555,3360
2015-05-20,12:15,12:30,3581,3294
2015-05-20,12:30,12:45,3607,3466
2015-05-20,12:45,13:00,3619,3482
2015-05-20,13:00,13:15,3632,3458
2015-05-20,13:15,13:30,3640,3464
2015-05-20,13:30,13:45,3648,3537
2015-05-20,13:45,14:00,3612,3562
2015-05-20,14:00,14:15,3576,3652
2015-05-20,14:15,14:30,3535,3674
2015-05-20,14:30,14:45,3494,3632
2015-05-20,14:45,15:00,3425,3595
2015-05-20,15:00,15:15,3356,3581
2015-05-20,15:15,15:30,3282,3389
2015-05-20,15:30,15:45,3207,3293
2015-05-20,15:45,16:00,3020,3176
2015-05-20,16:00,16:15,2832,3075
2015-05-20,16:15,16:30,2642,2915
2015-05-20,16:30,16:45,2451,2664
2015-05-20,16:45,17:00,2381,2604
2015-05-20,17:00,17:15,2311,2484
2015-05-20,17:15,17:30,2240,2327
2015-05-20,17:30,17:45,2170,2217
2015-05-20,17:45,18:00,1945,2028
2015-05-20,18:00,18:15,1720,1914
2015-05-20,18:15,18:30,1497,1641
2015-05-20,18:30,18:45,1274,1417
2015-05-20,18:45,19:00,1117,1222
2015-05-20,19:00,19:15,960,1025
2015-05-20,19:15,19:30,802,795
2015-05-20,19:30,19:45,645,662
2015-05-20,19:45,20:00,495,528
2015-05-20,20:00,20:15,345,370
2015-05-20,20:15,20:30,199,221
2015-05-20,20:30,20:45,52,113
2015-05-20,20:45,21:00,36,57
2015-05-20,21:00,21:15,20,22
2015-05-20,21:15,21:30,10,3
2015-05-20,21:30,21:45,0,0
2015-05-20,21:45,22:00,0,0
2015-05-20,22:00,22:15,0,0
2015-05-20,22:15,22:30,0,0
2015-05-20,22:30,22:45,0,0
2015-05-20,22:45,23:00,0,0
2015-05-20,23:00,23:15,0,0
2015-05-20,23:15,23:30,0,0
2015-05-20,23:30,23:45,0,0
2015-05-20,23:45,00:00,0,0
2015-05-21,00:00,00:15,0,0
2015-05-21,00:15,00:30,0,0
2015-05-21,00:30,00:45,0,0
2015-05-21,00:45,01:00,0,0
2015-05-21,01:00,01:15,0,0
2015-05-21,01:15,01:30,0,0
2015-05-21,01:30,01:45,0,0
2015-05-21,01:45,02:00,0,0
2015-05-21,02:00,02:15,0,0
2015-05-21,02:15,02:30,0,0
2015-05-21,02:30,02:45,0,0
2015-05-21,02:45,03:00,0,0
2015-05-21,03:00,03:15,0,0
2015-05-21,03:15,03:30,0,0
2015-05-21,03:30,03:45,0,0
2015-05-21,03:45,04:00,0,0
2015-05-21,04:00,04:15,0,0
2015-05-21,04:15,04:30,0,0
2015-05-21,04:30,04:45,0,0
2015-05-21,04:45,05:00,0,0
2015-05-21,05:00,05:15,0,0
2015-05-21,05:15,05:30,1,0
2015-05-21,05:30,05:45,1,10
2015-05-21,05:45,06:00,33,46
2015-05-21,06:00,06:15,65,104
2015-05-21,06:15,06:30,98,192
2015-05-21,06:30,06:45,131,290
2015-05-21,06:45,07:00,325,440
2015-05-21,07:00,07:15,519,631
2015-05-21,07:15,07:30,718,839
2015-05-21,07:30,07:45,917,1062
2015-05-21,07:45,08:00,1153,1302
2015-05-21,08:00,08:15,1389,1561
2015-05-21,08:15,08:30,1627,1851
2015-05-21,08:30,08:45,1865,2128
2015-05-21,08:45,09:00,2149,2361
2015-05-21,09:00,09:15,2433,2632
2015-05-21,09:15,09:30,2715,2920
2015-05-21,09:30,09:45,2997,3164
2015-05-21,09:45,10:00,3223,3446
2015-05-21,10:00,10:15,3449,3561
2015-05-21,10:15,10:30,3671,3664
2015-05-21,10:30,10:45,3893,3729
2015-05-21,10:45,11:00,3973,3824
2015-05-21,11:00,11:15,4053,3916
2015-05-21,11:15,11:30,4131,3929
2015-05-21,11:30,11:45,4208,4027
2015-05-21,11:45,12:00,4293,4096
2015-05-21,12:00,12:15,4377,4128
2015-05-21,12:15,12:30,4461,4157
2015-05-21,12:30,12:45,4545,4180
2015-05-21,12:45,13:00,4519,4201
2015-05-21,13:00,13:15,4493,4223
2015-05-21,13:15,13:30,4466,4190
2015-05-21,13:30,13:45,4439,4138
2015-05-21,13:45,14:00,4435,4132
2015-05-21,14:00,14:15,4431,4081
2015-05-21,14:15,14:30,4425,4004
2015-05-21,14:30,14:45,4418,3983
2015-05-21,14:45,15:00,4299,3864
2015-05-21,15:00,15:15,4180,3730
2015-05-21,15:15,15:30,4056,3531
2015-05-21,15:30,15:45,3932,3376
2015-05-21,15:45,16:00,3841,3260
2015-05-21,16:00,16:15,3750,3078
2015-05-21,16:15,16:30,3655,2995
2015-05-21,16:30,16:45,3559,2755
2015-05-21,16:45,17:00,3320,2577
2015-05-21,17:00,17:15,3080,2348
2015-05-21,17:15,17:30,2839,2180
2015-05-21,17:30,17:45,2599,1943
2015-05-21,17:45,18:00,2356,1755
2015-05-21,18:00,18:15,2113,1562
2015-05-21,18:15,18:30,1872,1344
2015-05-21,18:30,18:45,1630,1110
2015-05-21,18:45,19:00,1418,932
2015-05-21,19:00,19:15,1205,764
2015-05-21,19:15,19:30,991,621
2015-05-21,19:30,19:45,777,497
2015-05-21,19:45,20:00,598,392
2015-05-21,20:00,20:15,420,284
2015-05-21,20:15,20:30,244,181
2015-05-21,20:30,20:45,68,95
2015-05-21,20:45,21:00,48,47
2015-05-21,21:00,21:15,29,16
2015-05-21,21:15,21:30,14,2
2015-05-21,21:30,21:45,0,0
2015-05-21,21:45,22:00,0,0
2015-05-21,22:00,22:15,0,0
2015-05-21,22:15,22:30,0,0
2015-05-21,22:30,22:45,0,0
2015-05-21,22:45,23:00,0,0
2015-05-21,23:00,23:15,0,0
2015-05-21,23:15,23:30,0,0
2015-05-21,23:30,23:45,0,0
2015-05-21,23:45,00:00,0,0
2015-05-22,00:00,00:15,0,0
2015-05-22,00:15,00:30,0,0
2015-05-22,00:30,00:45,0,0
2015-05-22,00:45,01:00,0,0
2015-05-22,01:00,01:15,0,0
2015-05-22,01:15,01:30,0,0
2015-05-22,01:30,01:45,0,0
2015-05-22,01:45,02:00,0,0
2015-05-22,02:00,02:15,0,0
2015-05-22,02:15,02:30,0,0
2015-05-22,02:30,02:45,0,0
2015-05-22,02:45,03:00,0,0
2015-05-22,03:00,03:15,0,0
2015-05-22,03:15,03:30,0,0
2015-05-22,03:30,03:45,0,0
2015-05-22,03:45,04:00,0,0
2015-05-22,04:00,04:15,0,0
2015-05-22,04:15,04:30,0,0
2015-05-22,04:30,04:45,0,0
2015-05-22,04:45,05:00,0,0
2015-05-22,05:00,05:15,0,0
2015-05-22,05:15,05:30,1,0
2015-05-22,05:30,05:45,1,13
2015-05-22,05:45,06:00,21,53
2015-05-22,06:00,06:15,40,117
2015-05-22,06:15,06:30,62,214
2015-05-22,06:30,06:45,83,342
2015-05-22,06:45,07:00,274,525
2015-05-22,07:00,07:15,465,731
2015-05-22,07:15,07:30,665,958
2015-05-22,07:30,07:45,865,1200
2015-05-22,07:45,08:00,1091,1449
2015-05-22,08:00,08:15,1316,1810
2015-05-22,08:15,08:30,1549,2007
2015-05-22,08:30,08:45,1781,2277
2015-05-22,08:45,09:00,2042,2590
2015-05-22,09:00,09:15,2302,2919
2015-05-22,09:15,09:30,2564,3201
2015-05-22,09:30,09:45,2827,3402
2015-05-22,09:45,10:00,3080,3651
2015-05-22,10:00,10:15,3333,3963
2015-05-22,10:15,10:30,3583,4243
2015-05-22,10:30,10:45,3832,4412
2015-05-22,10:45,11:00,3984,4669
2015-05-22,11:00,11:15,4136,4843
2015-05-22,11:15,11:30,4281,5063
2015-05-22,11:30,11:45,4425,5136
2015-05-22,11:45,12:00,4498,5189
2015-05-22,12:00,12:15,4572,5146
2015-05-22,12:15,12:30,4634,5174
2015-05-22,12:30,12:45,4696,5182
2015-05-22,12:45,13:00,4609,5072
2015-05-22,13:00,13:15,4522,4972
2015-05-22,13:15,13:30,4424,4925
2015-05-22,13:30,13:45,4326,4740
2015-05-22,13:45,14:00,4202,4610
2015-05-22,14:00,14:15,4078,4527
2015-05-22,14:15,14:30,3947,4514
2015-05-22,14:30,14:45,3816,4406
2015-05-22,14:45,15:00,3652,4288
2015-05-22,15:00,15:15,3489,4150
2015-05-22,15:15,15:30,3322,4087
2015-05-22,15:30,15:45,3154,3946
2015-05-22,15:45,16:00,3041,3738
2015-05-22,16:00,16:15,2928,3584
2015-05-22,16:15,16:30,2815,3360
2015-05-22,16:30,16:45,2701,3171
2015-05-22,16:45,17:00,2522,2913
2015-05-22,17:00,17:15,2344,2666
2015-05-22,17:15,17:30,2167,2493
2015-05-22,17:30,17:45,1991,2236
2015-05-22,17:45,18:00,1805,2048
2015-05-22,18:00,18:15,1618,1789
2015-05-22,18:15,18:30,1436,1591
2015-05-22,18:30,18:45,1253,1299
2015-05-22,18:45,19:00,1107,1093
2015-05-22,19:00,19:15,960,882
2015-05-22,19:15,19:30,815,710
2015-05-22,19:30,19:45,669,550
2015-05-22,19:45,20:00,516,409
2015-05-22,20:00,20:15,364,278
2015-05-22,20:15,20:30,215,169
2015-05-22,20:30,20:45,67,90
2015-05-22,20:45,21:00,47,44
2015-05-22,21:00,21:15,28,16
2015-05-22,21:15,21:30,14,2
2015-05-22,21:30,21:45,0,0
2015-05-22,21:45,22:00,0,0
2015-05-22,22:00,22:15,0,0
2015-05-22,22:15,22:30,0,0
2015-05-22,22:30,22:45,0,0
2015-05-22,22:45,23:00,0,0
2015-05-22,23:00,23:15,0,0
2015-05-22,23:15,23:30,0,0
2015-05-22,23:30,23:45,0,0
2015-05-22,23:45,00:00,0,0
2015-05-23,00:00,00:15,0,0
2015-05-23,00:15,00:30,0,0
2015-05-23,00:30,00:45,0,0
2015-05-23,00:45,01:00,0,0
2015-05-23,01:00,01:15,0,0
2015-05-23,01:15,01:30,0,0
2015-05-23,01:30,01:45,0,0
2015-05-23,01:45,02:00,0,0
2015-05-23,02:00,02:15,0,0
2015-05-23,02:15,02:30,0,0
2015-05-23,02:30,02:45,0,0
2015-05-23,02:45,03:00,0,0
2015-05-23,03:00,03:15,0,0
2015-05-23,03:15,03:30,0,0
2015-05-23,03:30,03:45,0,0
2015-05-23,03:45,04:00,0,0
2015-05-23,04:00,04:15,0,0
2015-05-23,04:15,04:30,0,0
2015-05-23,04:30,04:45,0,0
2015-05-23,04:45,05:00,0,0
2015-05-23,05:00,05:15,0,0
2015-05-23,05:15,05:30,0,0
2015-05-23,05:30,05:45,0,12
2015-05-23,05:45,06:00,34,49
2015-05-23,06:00,06:15,68,106
2015-05-23,06:15,06:30,102,196
2015-05-23,06:30,06:45,137,312
2015-05-23,06:45,07:00,319,474
2015-05-23,07:00,07:15,501,617
2015-05-23,07:15,07:30,688,734
2015-05-23,07:30,07:45,875,834
2015-05-23,07:45,08:00,1080,922
2015-05-23,08:00,08:15,1284,1125
2015-05-23,08:15,08:30,1491,1140
2015-05-23,08:30,08:45,1698,1307
2015-05-23,08:45,09:00,1903,1489
2015-05-23,09:00,09:15,2109,1691
2015-05-23,09:15,09:30,2313,1877
2015-05-23,09:30,09:45,2518,1958
2015-05-23,09:45,10:00,2705,2195
2015-05-23,10:00,10:15,2892,2412
2015-05-23,10:15,10:30,3075,2587
2015-05-23,10:30,10:45,3259,2719
2015-05-23,10:45,11:00,3358,2948
2015-05-23,11:00,11:15,3457,3133
2015-05-23,11:15,11:30,3553,3313
2015-05-23,11:30,11:45,3649,3435
2015-05-23,11:45,12:00,3650,3537
2015-05-23,12:00,12:15,3651,3586
2015-05-23,12:15,12:30,3649,3582
2015-05-23,12:30,12:45,3647,3584
2015-05-23,12:45,13:00,3599,3601
2015-05-23,13:00,13:15,3551,3575
2015-05-23,13:15,13:30,3501,3517
2015-05-23,13:30,13:45,3450,3436
2015-05-23,13:45,14:00,3390,3360
2015-05-23,14:00,14:15,3331,3182
2015-05-23,14:15,14:30,3268,2965
2015-05-23,14:30,14:45,3205,2801
2015-05-23,14:45,15:00,3119,2655
2015-05-23,15:00,15:15,3032,2478
2015-05-23,15:15,15:30,2943,2327
2015-05-23,15:30,15:45,2853,2218
2015-05-23,15:45,16:00,2763,2150
2015-05-23,16:00,16:15,2674,2100
2015-05-23,16:15,16:30,2581,2035
2015-05-23,16:30,16:45,2489,1923
2015-05-23,16:45,17:00,2353,1819
2015-05-23,17:00,17:15,2217,1708
2015-05-23,17:15,17:30,2080,1568
2015-05-23,17:30,17:45,1943,1420
2015-05-23,17:45,18:00,1774,1266
2015-05-23,18:00,18:15,1605,1081
2015-05-23,18:15,18:30,1436,940
2015-05-23,18:30,18:45,1268,793
2015-05-23,18:45,19:00,1107,684
2015-05-23,19:00,19:15,946,575
2015-05-23,19:15,19:30,783,487
2015-05-23,19:30,19:45,621,392
2015-05-23,19:45,20:00,479,294
2015-05-23,20:00,20:15,336,207
2015-05-23,20:15,20:30,196,131
2015-05-23,20:30,20:45,56,77
2015-05-23,20:45,21:00,40,43
2015-05-23,21:00,21:15,25,19
2015-05-23,21:15,21:30,12,4
2015-05-23,21:30,21:45,0,0
2015-05-23,21:45,22:00,0,0
2015-05-23,22:00,22:15,0,0
2015-05-23,22:15,22:30,0,0
2015-05-23,22:30,22:45,0,0
2015-05-23,22:45,23:00,0,0
2015-05-23,23:00,23:15,0,0
2015-05-23,23:15,23:30,0,0
2015-05-23,23:30,23:45,0,0
2015-05-23,23:45,00:00,0,0
2015-05-24,00:00,00:15,0,0
2015-05-24,00:15,00:30,0,0
2015-05-24,00:30,00:45,0,0
2015-05-24,00:45,01:00,0,0
2015-05-24,01:00,01:15,0,0
2015-05-24,01:15,01:30,0,0
2015-05-24,01:30,01:45,0,0
2015-05-24,01:45,02:00,0,0
2015-05-24,02:00,02:15,0,0
2015-05-24,02:15,02:30,0,0
2015-05-24,02:30,02:45,0,0
2015-05-24,02:45,03:00,0,0
2015-05-24,03:00,03:15,0,0
2015-05-24,03:15,03:30,0,0
2015-05-24,03:30,03:45,0,0
2015-05-24,03:45,04:00,0,0
2015-05-24,04:00,04:15,0,0
2015-05-24,04:15,04:30,0,0
2015-05-24,04:30,04:45,0,0
2015-05-24,04:45,05:00,0,0
2015-05-24,05:00,05:15,0,0
2015-05-24,05:15,05:30,1,1
2015-05-24,05:30,05:45,2,17
2015-05-24,05:45,06:00,35,58
2015-05-24,06:00,06:15,69,120
2015-05-24,06:15,06:30,104,207
2015-05-24,06:30,06:45,140,307
2015-05-24,06:45,07:00,311,464
2015-05-24,07:00,07:15,483,636
2015-05-24,07:15,07:30,659,811
2015-05-24,07:30,07:45,836,974
2015-05-24,07:45,08:00,1057,1072
2015-05-24,08:00,08:15,1277,1320
2015-05-24,08:15,08:30,1502,1553
2015-05-24,08:30,08:45,1726,1778
2015-05-24,08:45,09:00,1994,1989
2015-05-24,09:00,09:15,2263,2207
2015-05-24,09:15,09:30,2532,2467
2015-05-24,09:30,09:45,2801,2654
2015-05-24,09:45,10:00,3074,2969
2015-05-24,10:00,10:15,3347,3125
2015-05-24,10:15,10:30,3618,3288
2015-05-24,10:30,10:45,3889,3494
2015-05-24,10:45,11:00,4088,3643
2015-05-24,11:00,11:15,4288,3814
2015-05-24,11:15,11:30,4485,3889
2015-05-24,11:30,11:45,4681,4005
2015-05-24,11:45,12:00,4819,4141
2015-05-24,12:00,12:15,4956,4255
2015-05-24,12:15,12:30,5090,4401
2015-05-24,12:30,12:45,5224,4491
2015-05-24,12:45,13:00,5199,4505
2015-05-24,13:00,13:15,5173,4533
2015-05-24,13:15,13:30,5143,4597
2015-05-24,13:30,13:45,5113,4566
2015-05-24,13:45,14:00,5042,4476
2015-05-24,14:00,14:15,4971,4504
2015-05-24,14:15,14:30,4895,4406
2015-05-24,14:30,14:45,4819,4248
2015-05-24,14:45,15:00,4702,4172
2015-05-24,15:00,15:15,4586,4081
2015-05-24,15:15,15:30,4463,3945
2015-05-24,15:30,15:45,4340,3719
2015-05-24,15:45,16:00,4151,3606
2015-05-24,16:00,16:15,3961,3460
2015-05-24,16:15,16:30,3768,3352
2015-05-24,16:30,16:45,3574,3152
2015-05-24,16:45,17:00,3329,2997
2015-05-24,17:00,17:15,3083,2796
2015-05-24,17:15,17:30,2838,2609
2015-05-24,17:30,17:45,2592,2356
2015-05-24,17:45,18:00,2333,2124
2015-05-24,18:00,18:15,2075,1856
2015-05-24,18:15,18:30,1818,1642
2015-05-24,18:30,18:45,1562,1429
2015-05-24,18:45,19:00,1358,1215
2015-05-24,19:00,19:15,1154,994
2015-05-24,19:15,19:30,948,816
2015-05-24,19:30,19:45,741,642
2015-05-24,19:45,20:00,570,496
2015-05-24,20:00,20:15,398,362
2015-05-24,20:15,20:30,229,234
2015-05-24,20:30,20:45,60,131
2015-05-24,20:45,21:00,42,66
2015-05-24,21:00,21:15,25,29
2015-05-24,21:15,21:30,12,6
2015-05-24,21:30,21:45,0,0
2015-05-24,21:45,22:00,0,0
2015-05-24,22:00,22:15,0,0
2015-05-24,22:15,22:30,0,0
2015-05-24,22:30,22:45,0,0
2015-05-24,22:45,23:00,0,0
2015-05-24,23:00,23:15,0,0
2015-05-24,23:15,23:30,0,0
2015-05-24,23:30,23:45,0,0
2015-05-24,23:45,00:00,0,0
2015-05-25,00:00,00:15,0,0
2015-05-25,00:15,00:30,0,0
2015-05-25,00:30,00:45,0,0
2015-05-25,00:45,01:00,0,0
2015-05-25,01:00,01:15,0,0
2015-05-25,01:15,01:30,0,0
2015-05-25,01:30,01:45,0,0
2015-05-25,01:45,02:00,0,0
2015-05-25,02:00,02:15,0,0
2015-05-25,02:15,02:30,0,0
2015-05-25,02:30,02:45,0,0
2015-05-25,02:45,03:00,0,0
2015-05-25,03:00,03:15,0,0
2015-05-25,03:15,03:30,0,0
2015-05-25,03:30,03:45,0,0
2015-05-25,03:45,04:00,0,0
2015-05-25,04:00,04:15,0,0
2015-05-25,04:15,04:30,0,0
2015-05-25,04:30,04:45,0,0
2015-05-25,04:45,05:00,0,0
2015-05-25,05:00,05:15,0,0
2015-05-25,05:15,05:30,0,0
2015-05-25,05:30,05:45,0,11
2015-05-25,05:45,06:00,10,38
2015-05-25,06:00,06:15,21,78
2015-05-25,06:15,06:30,31,135
2015-05-25,06:30,06:45,41,206
2015-05-25,06:45,07:00,146,315
2015-05-25,07:00,07:15,251,423
2015-05-25,07:15,07:30,359,508
2015-05-25,07:30,07:45,466,600
2015-05-25,07:45,08:00,550,647
2015-05-25,08:00,08:15,634,750
2015-05-25,08:15,08:30,719,824
2015-05-25,08:30,08:45,805,928
2015-05-25,08:45,09:00,908,1068
2015-05-25,09:00,09:15,1011,1196
2015-05-25,09:15,09:30,1115,1333
2015-05-25,09:30,09:45,1219,1485
2015-05-25,09:45,10:00,1349,1582
2015-05-25,10:00,10:15,1479,1731
2015-05-25,10:15,10:30,1609,1892
2015-05-25,10:30,10:45,1738,2065
2015-05-25,10:45,11:00,1909,2243
2015-05-25,11:00,11:15,2079,2386
2015-05-25,11:15,11:30,2248,2566
2015-05-25,11:30,11:45,2417,2760
2015-05-25,11:45,12:00,2544,2954
2015-05-25,12:00,12:15,2671,3130
2015-05-25,12:15,12:30,2795,3268
2015-05-25,12:30,12:45,2920,3496
2015-05-25,12:45,13:00,2934,3543
2015-05-25,13:00,13:15,2949,3530
2015-05-25,13:15,13:30,2960,3499
2015-05-25,13:30,13:45,2972,3446
2015-05-25,13:45,14:00,2935,3501
2015-05-25,14:00,14:15,2898,3461
2015-05-25,14:15,14:30,2858,3417
2015-05-25,14:30,14:45,2818,3398
2015-05-25,14:45,15:00,2733,3513
2015-05-25,15:00,15:15,2649,3387
2015-05-25,15:15,15:30,2560,3215
2015-05-25,15:30,15:45,2472,2956
2015-05-25,15:45,16:00,2347,2734
2015-05-25,16:00,16:15,2223,2466
2015-05-25,16:15,16:30,2095,2251
2015-05-25,16:30,16:45,1968,2109
2015-05-25,16:45,17:00,1844,1929
2015-05-25,17:00,17:15,1720,1721
2015-05-25,17:15,17:30,1595,1521
2015-05-25,17:30,17:45,1471,1365
2015-05-25,17:45,18:00,1351,1225
2015-05-25,18:00,18:15,1231,1112
2015-05-25,18:15,18:30,1113,1018
2015-05-25,18:30,18:45,994,910
2015-05-25,18:45,19:00,847,801
2015-05-25,19:00,19:15,699,676
2015-05-25,19:15,19:30,550,564
2015-05-25,19:30,19:45,401,463
2015-05-25,19:45,20:00,307,350
2015-05-25,20:00,20:15,213,255
2015-05-25,20:15,20:30,121,155
2015-05-25,20:30,20:45,29,84
2015-05-25,20:45,21:00,19,47
2015-05-25,21:00,21:15,10,20
2015-05-25,21:15,21:30,5,4
2015-05-25,21:30,21:45,0,0
2015-05-25,21:45,22:00,0,0
2015-05-25,22:00,22:15,0,0
2015-05-25,22:15,22:30,0,0
2015-05-25,22:30,22:45,0,0
2015-05-25,22:45,23:00,0,0
2015-05-25,23:00,23:15,0,0
2015-05-25,23:15,23:30,0,0
2015-05-25,23:30,23:45,0,0
2015-05-25,23:45,00:00,0,0
2015-05-26,00:00,00:15,0,0
2015-05-26,00:15,00:30,0,0
2015-05-26,00:30,00:45,0,0
2015-05-26,00:45,01:00,0,0
2015-05-26,01:00,01:15,0,0
2015-05-26,01:15,01:30,0,0
2015-05-26,01:30,01:45,0,0
2015-05-26,01:45,02:00,0,0
2015-05-26,02:00,02:15,0,0
2015-05-26,02:15,02:30,0,0
2015-05-26,02:30,02:45,0,0
2015-05-26,02:45,03:00,0,0
2015-05-26,03:00,03:15,0,0
2015-05-26,03:15,03:30,0,0
2015-05-26,03:30,03:45,0,0
2015-05-26,03:45,04:00,0,0
2015-05-26,04:00,04:15,0,0
2015-05-26,04:15,04:30,0,0
2015-05-26,04:30,04:45,0,0
2015-05-26,04:45,05:00,0,0
2015-05-26,05:00,05:15,0,0
2015-05-26,05:15,05:30,1,1
2015-05-26,05:30,05:45,2,16
2015-05-26,05:45,06:00,7,54
2015-05-26,06:00,06:15,12,107
2015-05-26,06:15,06:30,20,195
2015-05-26,06:30,06:45,27,311
2015-05-26,06:45,07:00,174,464
2015-05-26,07:00,07:15,321,583
2015-05-26,07:15,07:30,471,704
2015-05-26,07:30,07:45,622,838
2015-05-26,07:45,08:00,754,928
2015-05-26,08:00,08:15,887,1090
2015-05-26,08:15,08:30,1021,1264
2015-05-26,08:30,08:45,1155,1443
2015-05-26,08:45,09:00,1305,1658
2015-05-26,09:00,09:15,1456,1846
2015-05-26,09:15,09:30,1604,2036
2015-05-26,09:30,09:45,1752,2239
2015-05-26,09:45,10:00,1913,2413
2015-05-26,10:00,10:15,2074,2574
2015-05-26,10:15,10:30,2232,2687
2015-05-26,10:30,10:45,2389,2800
2015-05-26,10:45,11:00,2484,2849
2015-05-26,11:00,11:15,2580,2875
2015-05-26,11:15,11:30,2674,2946
2015-05-26,11:30,11:45,2767,2985
2015-05-26,11:45,12:00,2807,3022
2015-05-26,12:00,12:15,2846,3003
2015-05-26,12:15,12:30,2886,2950
2015-05-26,12:30,12:45,2925,2920
2015-05-26,12:45,13:00,3022,2833
2015-05-26,13:00,13:15,3118,2702
2015-05-26,13:15,13:30,3215,2637
2015-05-26,13:30,13:45,3312,2608
2015-05-26,13:45,14:00,3294,2516
2015-05-26,14:00,14:15,3276,2532
2015-05-26,14:15,14:30,3257,2491
2015-05-26,14:30,14:45,3238,2458
2015-05-26,14:45,15:00,3149,2414
2015-05-26,15:00,15:15,3061,2402
2015-05-26,15:15,15:30,2971,2334
2015-05-26,15:30,15:45,2881,2253
2015-05-26,15:45,16:00,2821,2172
2015-05-26,16:00,16:15,2760,2025
2015-05-26,16:15,16:30,2697,1938
2015-05-26,16:30,16:45,2635,1859
2015-05-26,16:45,17:00,2454,1774
2015-05-26,17:00,17:15,2274,1676
2015-05-26,17:15,17:30,2091,1557
2015-05-26,17:30,17:45,1909,1379
2015-05-26,17:45,18:00,1733,1227
2015-05-26,18:00,18:15,1556,1124
2015-05-26,18:15,18:30,1378,1052
2015-05-26,18:30,18:45,1200,923
2015-05-26,18:45,19:00,1058,802
2015-05-26,19:00,19:15,916,669
2015-05-26,19:15,19:30,772,577
2015-05-26,19:30,19:45,628,479
2015-05-26,19:45,20:00,484,366
2015-05-26,20:00,20:15,341,268
2015-05-26,20:15,20:30,199,186
2015-05-26,20:30,20:45,57,110
2015-05-26,20:45,21:00,41,61
2015-05-26,21:00,21:15,24,29
2015-05-26,21:15,21:30,12,7
2015-05-26,21:30,21:45,0,0
2015-05-26,21:45,22:00,0,0
2015-05-26,22:00,22:15,0,0
2015-05-26,22:15,22:30,0,0
2015-05-26,22:30,22:45,0,0
2015-05-26,22:45,23:00,0,0
2015-05-26,23:00,23:15,0,0
2015-05-26,23:15,23:30,0,0
2015-05-26,23:30,23:45,0,0
2015-05-26,23:45,00:00,0,0
2015-05-27,00:00,00:15,0,0
2015-05-27,00:15,00:30,0,0
2015-05-27,00:30,00:45,0,0
2015-05-27,00:45,01:00,0,0
2015-05-27,01:00,01:15,0,0
2015-05-27,01:15,01:30,0,0
2015-05-27,01:30,01:45,0,0
2015-05-27,01:45,02:00,0,0
2015-05-27,02:00,02:15,0,0
2015-05-27,02:15,02:30,0,0
2015-05-27,02:30,02:45,0,0
2015-05-27,02:45,03:00,0,0
2015-05-27,03:00,03:15,0,0
2015-05-27,03:15,03:30,0,0
2015-05-27,03:30,03:45,0,0
2015-05-27,03:45,04:00,0,0
2015-05-27,04:00,04:15,0,0
2015-05-27,04:15,04:30,0,0
2015-05-27,04:30,04:45,0,0
2015-05-27,04:45,05:00,0,0
2015-05-27,05:00,05:15,0,0
2015-05-27,05:15,05:30,2,1
2015-05-27,05:30,05:45,4,20
2015-05-27,05:45,06:00,45,65
2015-05-27,06:00,06:15,87,126
2015-05-27,06:15,06:30,130,225
2015-05-27,06:30,06:45,174,324
2015-05-27,06:45,07:00,356,462
2015-05-27,07:00,07:15,539,612
2015-05-27,07:15,07:30,725,759
2015-05-27,07:30,07:45,911,921
2015-05-27,07:45,08:00,1143,1052
2015-05-27,08:00,08:15,1375,1230
2015-05-27,08:15,08:30,1608,1425
2015-05-27,08:30,08:45,1841,1609
2015-05-27,08:45,09:00,2088,1772
2015-05-27,09:00,09:15,2335,1968
2015-05-27,09:15,09:30,2579,2211
2015-05-27,09:30,09:45,2823,2400
2015-05-27,09:45,10:00,2977,2636
2015-05-27,10:00,10:15,3131,2843
2015-05-27,10:15,10:30,3281,3006
2015-05-27,10:30,10:45,3431,3142
2015-05-27,10:45,11:00,3518,3209
2015-05-27,11:00,11:15,3605,3253
2015-05-27,11:15,11:30,3691,3361
2015-05-27,11:30,11:45,3777,3439
2015-05-27,11:45,12:00,3818,3484
2015-05-27,12:00,12:15,3858,3537
2015-05-27,12:15,12:30,3901,3584
2015-05-27,12:30,12:45,3943,3602
2015-05-27,12:45,13:00,3905,3544
2015-05-27,13:00,13:15,3867,3569
2015-05-27,13:15,13:30,3831,3478
2015-05-27,13:30,13:45,3794,3530
2015-05-27,13:45,14:00,3757,3506
2015-05-27,14:00,14:15,3720,3572
2015-05-27,14:15,14:30,3682,3662
2015-05-27,14:30,14:45,3644,3719
2015-05-27,14:45,15:00,3624,3740
2015-05-27,15:00,15:15,3604,3630
2015-05-27,15:15,15:30,3580,3379
2015-05-27,15:30,15:45,3555,3200
2015-05-27,15:45,16:00,3424,3099
2015-05-27,16:00,16:15,3292,2941
2015-05-27,16:15,16:30,3156,2886
2015-05-27,16:30,16:45,3020,2753
2015-05-27,16:45,17:00,2875,2634
2015-05-27,17:00,17:15,2729,2463
2015-05-27,17:15,17:30,2582,2289
2015-05-27,17:30,17:45,2435,2167
2015-05-27,17:45,18:00,2232,2024
2015-05-27,18:00,18:15,2029,1908
2015-05-27,18:15,18:30,1827,1741
2015-05-27,18:30,18:45,1624,1566
2015-05-27,18:45,19:00,1433,1359
2015-05-27,19:00,19:15,1242,1148
2015-05-27,19:15,19:30,1051,951
2015-05-27,19:30,19:45,860,744
2015-05-27,19:45,20:00,664,576
2015-05-27,20:00,20:15,467,427
2015-05-27,20:15,20:30,272,287
2015-05-27,20:30,20:45,78,165
2015-05-27,20:45,21:00,56,84
2015-05-27,21:00,21:15,34,36
2015-05-27,21:15,21:30,17,9
2015-05-27,21:30,21:45,0,0
2015-05-27,21:45,22:00,0,0
2015-05-27,22:00,22:15,0,0
2015-05-27,22:15,22:30,0,0
2015-05-27,22:30,22:45,0,0
2015-05-27,22:45,23:00,0,0
2015-05-27,23:00,23:15,0,0
2015-05-27,23:15,23:30,0,0
2015-05-27,23:30,23:45,0,0
2015-05-27,23:45,00:00,0,0
2015-05-28,00:00,00:15,0,0
2015-05-28,00:15,00:30,0,0
2015-05-28,00:30,00:45,0,0
2015-05-28,00:45,01:00,0,0
2015-05-28,01:00,01:15,0,0
2015-05-28,01:15,01:30,0,0
2015-05-28,01:30,01:45,0,0
2015-05-28,01:45,02:00,0,0
2015-05-28,02:00,02:15,0,0
2015-05-28,02:15,02:30,0,0
2015-05-28,02:30,02:45,0,0
2015-05-28,02:45,03:00,0,0
2015-05-28,03:00,03:15,0,0
2015-05-28,03:15,03:30,0,0
2015-05-28,03:30,03:45,0,0
2015-05-28,03:45,04:00,0,0
2015-05-28,04:00,04:15,0,0
2015-05-28,04:15,04:30,0,0
2015-05-28,04:30,04:45,0,0
2015-05-28,04:45,05:00,0,0
2015-05-28,05:00,05:15,0,0
2015-05-28,05:15,05:30,1,1
2015-05-28,05:30,05:45,2,19
2015-05-28,05:45,06:00,56,59
2015-05-28,06:00,06:15,110,115
2015-05-28,06:15,06:30,165,199
2015-05-28,06:30,06:45,220,330
2015-05-28,06:45,07:00,359,506
2015-05-28,07:00,07:15,498,685
2015-05-28,07:15,07:30,641,854
2015-05-28,07:30,07:45,784,1027
2015-05-28,07:45,08:00,946,1208
2015-05-28,08:00,08:15,1107,1395
2015-05-28,08:15,08:30,1271,1603
2015-05-28,08:30,08:45,1436,1816
2015-05-28,08:45,09:00,1578,2048
2015-05-28,09:00,09:15,1720,2282
2015-05-28,09:15,09:30,1861,2495
2015-05-28,09:30,09:45,2003,2686
2015-05-28,09:45,10:00,2169,2911
2015-05-28,10:00,10:15,2336,3074
2015-05-28,10:15,10:30,2500,3202
2015-05-28,10:30,10:45,2664,3303
2015-05-28,10:45,11:00,2851,3467
2015-05-28,11:00,11:15,3037,3655
2015-05-28,11:15,11:30,3222,3706
2015-05-28,11:30,11:45,3406,3825
2015-05-28,11:45,12:00,3517,4058
2015-05-28,12:00,12:15,3627,4109
2015-05-28,12:15,12:30,3735,4212
2015-05-28,12:30,12:45,3843,4338
2015-05-28,12:45,13:00,3894,4364
2015-05-28,13:00,13:15,3946,4380
2015-05-28,13:15,13:30,3995,4388
2015-05-28,13:30,13:45,4044,4442
2015-05-28,13:45,14:00,4083,4425
2015-05-28,14:00,14:15,4122,4391
2015-05-28,14:15,14:30,4157,4320
2015-05-28,14:30,14:45,4192,3985
2015-05-28,14:45,15:00,4024,3927
2015-05-28,15:00,15:15,3856,3802
2015-05-28,15:15,15:30,3684,3554
2015-05-28,15:30,15:45,3511,3442
2015-05-28,15:45,16:00,3366,3333
2015-05-28,16:00,16:15,3221,3187
2015-05-28,16:15,16:30,3073,3031
2015-05-28,16:30,16:45,2925,2862
2015-05-28,16:45,17:00,2714,2672
2015-05-28,17:00,17:15,2504,2474
2015-05-28,17:15,17:30,2293,2271
2015-05-28,17:30,17:45,2082,2065
2015-05-28,17:45,18:00,1910,1858
2015-05-28,18:00,18:15,1738,1651
2015-05-28,18:15,18:30,1567,1445
2015-05-28,18:30,18:45,1396,1254
2015-05-28,18:45,19:00,1231,1063
2015-05-28,19:00,19:15,1066,897
2015-05-28,19:15,19:30,904,763
2015-05-28,19:30,19:45,742,619
2015-05-28,19:45,20:00,568,500
2015-05-28,20:00,20:15,394,378
2015-05-28,20:15,20:30,223,243
2015-05-28,20:30,20:45,52,136
2015-05-28,20:45,21:00,36,71
2015-05-28,21:00,21:15,20,31
2015-05-28,21:15,21:30,10,8
2015-05-28,21:30,21:45,0,11
2015-05-28,21:45,22:00,0,0
2015-05-28,22:00,22:15,0,0
2015-05-28,22:15,22:30,0,0
2015-05-28,22:30,22:45,0,0
2015-05-28,22:45,23:00,0,0
2015-05-28,23:00,23:15,0,0
2015-05-28,23:15,23:30,0,0
2015-05-28,23:30,23:45,0,0
2015-05-28,23:45,00:00,0,0
2015-05-29,00:00,00:15,0,0
2015-05-29,00:15,00:30,0,0
2015-05-29,00:30,00:45,0,0
2015-05-29,00:45,01:00,0,0
2015-05-29,01:00,01:15,0,0
2015-05-29,01:15,01:30,0,0
2015-05-29,01:30,01:45,0,0
2015-05-29,01:45,02:00,0,0
2015-05-29,02:00,02:15,0,0
2015-05-29,02:15,02:30,0,0
2015-05-29,02:30,02:45,0,0
2015-05-29,02:45,03:00,0,0
2015-05-29,03:00,03:15,0,0
2015-05-29,03:15,03:30,0,0
2015-05-29,03:30,03:45,0,0
2015-05-29,03:45,04:00,0,0
2015-05-29,04:00,04:15,0,0
2015-05-29,04:15,04:30,0,0
2015-05-29,04:30,04:45,0,0
2015-05-29,04:45,05:00,0,0
2015-05-29,05:00,05:15,0,0
2015-05-29,05:15,05:30,2,2
2015-05-29,05:30,05:45,5,21
2015-05-29,05:45,06:00,57,62
2015-05-29,06:00,06:15,109,118
2015-05-29,06:15,06:30,164,205
2015-05-29,06:30,06:45,218,364
2015-05-29,06:45,07:00,372,562
2015-05-29,07:00,07:15,526,774
2015-05-29,07:15,07:30,683,950
2015-05-29,07:30,07:45,841,1133
2015-05-29,07:45,08:00,1002,1336
2015-05-29,08:00,08:15,1164,1653
2015-05-29,08:15,08:30,1328,1856
2015-05-29,08:30,08:45,1492,2098
2015-05-29,08:45,09:00,1698,2320
2015-05-29,09:00,09:15,1903,2547
2015-05-29,09:15,09:30,2108,2750
2015-05-29,09:30,09:45,2313,2985
2015-05-29,09:45,10:00,2514,3048
2015-05-29,10:00,10:15,2715,3114
2015-05-29,10:15,10:30,2914,3255
2015-05-29,10:30,10:45,3113,3276
2015-05-29,10:45,11:00,3237,3232
2015-05-29,11:00,11:15,3361,3116
2015-05-29,11:15,11:30,3482,3023
2015-05-29,11:30,11:45,3603,3042
2015-05-29,11:45,12:00,3658,3082
2015-05-29,12:00,12:15,3713,3088
2015-05-29,12:15,12:30,3764,3205
2015-05-29,12:30,12:45,3815,3330
2015-05-29,12:45,13:00,3829,3471
2015-05-29,13:00,13:15,3844,3559
2015-05-29,13:15,13:30,3854,3590
2015-05-29,13:30,13:45,3864,3628
2015-05-29,13:45,14:00,3851,3621
2015-05-29,14:00,14:15,3838,3620
2015-05-29,14:15,14:30,3820,3621
2015-05-29,14:30,14:45,3803,3633
2015-05-29,14:45,15:00,3717,3596
2015-05-29,15:00,15:15,3632,3568
2015-05-29,15:15,15:30,3543,3477
2015-05-29,15:30,15:45,3453,3251
2015-05-29,15:45,16:00,3280,3036
2015-05-29,16:00,16:15,3107,2951
2015-05-29,16:15,16:30,2932,2788
2015-05-29,16:30,16:45,2756,2615
2015-05-29,16:45,17:00,2521,2524
2015-05-29,17:00,17:15,2286,2335
2015-05-29,17:15,17:30,2051,2132
2015-05-29,17:30,17:45,1816,1963
2015-05-29,17:45,18:00,1647,1770
2015-05-29,18:00,18:15,1478,1633
2015-05-29,18:15,18:30,1310,1479
2015-05-29,18:30,18:45,1142,1291
2015-05-29,18:45,19:00,997,1055
2015-05-29,19:00,19:15,853,869
2015-05-29,19:15,19:30,711,697
2015-05-29,19:30,19:45,570,544
2015-05-29,19:45,20:00,437,405
2015-05-29,20:00,20:15,303,273
2015-05-29,20:15,20:30,172,167
2015-05-29,20:30,20:45,42,91
2015-05-29,20:45,21:00,28,45
2015-05-29,21:00,21:15,15,20
2015-05-29,21:15,21:30,7,6
2015-05-29,21:30,21:45,0,0
2015-05-29,21:45,22:00,0,0
2015-05-29,22:00,22:15,0,0
2015-05-29,22:15,22:30,0,0
2015-05-29,22:30,22:45,0,0
2015-05-29,22:45,23:00,0,0
2015-05-29,23:00,23:15,0,0
2015-05-29,23:15,23:30,0,0
2015-05-29,23:30,23:45,0,0
2015-05-29,23:45,00:00,0,0
2015-05-30,00:00,00:15,0,0
2015-05-30,00:15,00:30,0,0
2015-05-30,00:30,00:45,0,0
2015-05-30,00:45,01:00,0,0
2015-05-30,01:00,01:15,0,0
2015-05-30,01:15,01:30,0,0
2015-05-30,01:30,01:45,0,0
2015-05-30,01:45,02:00,0,0
2015-05-30,02:00,02:15,0,0
2015-05-30,02:15,02:30,0,0
2015-05-30,02:30,02:45,0,0
2015-05-30,02:45,03:00,0,0
2015-05-30,03:00,03:15,0,0
2015-05-30,03:15,03:30,0,0
2015-05-30,03:30,03:45,0,0
2015-05-30,03:45,04:00,0,0
2015-05-30,04:00,04:15,0,0
2015-05-30,04:15,04:30,0,0
2015-05-30,04:30,04:45,0,0
2015-05-30,04:45,05:00,0,0
2015-05-30,05:00,05:15,0,0
2015-05-30,05:15,05:30,2,3
2015-05-30,05:30,05:45,4,25
2015-05-30,05:45,06:00,57,71
2015-05-30,06:00,06:15,110,134
2015-05-30,06:15,06:30,167,238
2015-05-30,06:30,06:45,223,377
2015-05-30,06:45,07:00,404,547
2015-05-30,07:00,07:15,585,720
2015-05-30,07:15,07:30,771,902
2015-05-30,07:30,07:45,957,1090
2015-05-30,07:45,08:00,1193,1317
2015-05-30,08:00,08:15,1428,1664
2015-05-30,08:15,08:30,1667,1961
2015-05-30,08:30,08:45,1906,2241
2015-05-30,08:45,09:00,2137,2455
2015-05-30,09:00,09:15,2368,2685
2015-05-30,09:15,09:30,2598,2924
2015-05-30,09:30,09:45,2829,3113
2015-05-30,09:45,10:00,3019,3237
2015-05-30,10:00,10:15,3208,3283
2015-05-30,10:15,10:30,3395,3335
2015-05-30,10:30,10:45,3582,3448
2015-05-30,10:45,11:00,3642,3540
2015-05-30,11:00,11:15,3703,3555
2015-05-30,11:15,11:30,3760,3495
2015-05-30,11:30,11:45,3817,3412
2015-05-30,11:45,12:00,4004,3265
2015-05-30,12:00,12:15,4190,3335
2015-05-30,12:15,12:30,4372,3478
2015-05-30,12:30,12:45,4554,3577
2015-05-30,12:45,13:00,4562,3664
2015-05-30,13:00,13:15,4570,3809
2015-05-30,13:15,13:30,4574,3760
2015-05-30,13:30,13:45,4577,3794
2015-05-30,13:45,14:00,4594,3668
2015-05-30,14:00,14:15,4611,3563
2015-05-30,14:15,14:30,4622,3500
2015-05-30,14:30,14:45,4634,3401
2015-05-30,14:45,15:00,4550,3327
2015-05-30,15:00,15:15,4465,3377
2015-05-30,15:15,15:30,4376,3416
2015-05-30,15:30,15:45,4287,3547
2015-05-30,15:45,16:00,4120,3433
2015-05-30,16:00,16:15,3953,3203
2015-05-30,16:15,16:30,3782,2974
2015-05-30,16:30,16:45,3612,2890
2015-05-30,16:45,17:00,3389,2740
2015-05-30,17:00,17:15,3165,2632
2015-05-30,17:15,17:30,2942,2547
2015-05-30,17:30,17:45,2718,2473
2015-05-30,17:45,18:00,2488,2316
2015-05-30,18:00,18:15,2257,2097
2015-05-30,18:15,18:30,2028,1762
2015-05-30,18:30,18:45,1800,1494
2015-05-30,18:45,19:00,1579,1255
2015-05-30,19:00,19:15,1358,1080
2015-05-30,19:15,19:30,1141,919
2015-05-30,19:30,19:45,924,753
2015-05-30,19:45,20:00,737,624
2015-05-30,20:00,20:15,550,472
2015-05-30,20:15,20:30,367,311
2015-05-30,20:30,20:45,183,177
2015-05-30,20:45,21:00,135,104
2015-05-30,21:00,21:15,88,59
2015-05-30,21:15,21:30,44,21
2015-05-30,21:30,21:45,0,1
2015-05-30,21:45,22:00,0,0
2015-05-30,22:00,22:15,0,0
2015-05-30,22:15,22:30,0,0
2015-05-30,22:30,22:45,0,0
2015-05-30,22:45,23:00,0,0
2015-05-30,23:00,23:15,0,0
2015-05-30,23:15,23:30,0,0
2015-05-30,23:30,23:45,0,0
2015-05-30,23:45,00:00,0,0
2015-05-31,00:00,00:15,0,0
2015-05-31,00:15,00:30,0,0
2015-05-31,00:30,00:45,0,0
2015-05-31,00:45,01:00,0,0
2015-05-31,01:00,01:15,0,0
2015-05-31,01:15,01:30,0,0
2015-05-31,01:30,01:45,0,0
2015-05-31,01:45,02:00,0,0
2015-05-31,02:00,02:15,0,0
2015-05-31,02:15,02:30,0,0
2015-05-31,02:30,02:45,0,0
2015-05-31,02:45,03:00,0,0
2015-05-31,03:00,03:15,0,0
2015-05-31,03:15,03:30,0,0
2015-05-31,03:30,03:45,0,0
2015-05-31,03:45,04:00,0,0
2015-05-31,04:00,04:15,0,0
2015-05-31,04:15,04:30,0,0
2015-05-31,04:30,04:45,0,0
2015-05-31,04:45,05:00,0,0
2015-05-31,05:00,05:15,0,0
2015-05-31,05:15,05:30,3,3
2015-05-31,05:30,05:45,5,25
2015-05-31,05:45,06:00,93,70
2015-05-31,06:00,06:15,181,131
2015-05-31,06:15,06:30,272,233
2015-05-31,06:30,06:45,363,389
2015-05-31,06:45,07:00,531,599
2015-05-31,07:00,07:15,698,798
2015-05-31,07:15,07:30,870,966
2015-05-31,07:30,07:45,1042,1150
2015-05-31,07:45,08:00,1245,1375
2015-05-31,08:00,08:15,1448,1582
2015-05-31,08:15,08:30,1654,1839
2015-05-31,08:30,08:45,1860,2074
2015-05-31,08:45,09:00,2081,2268
2015-05-31,09:00,09:15,2301,2491
2015-05-31,09:15,09:30,2521,2748
2015-05-31,09:30,09:45,2740,2942
2015-05-31,09:45,10:00,2956,2969
2015-05-31,10:00,10:15,3173,3056
2015-05-31,10:15,10:30,3385,3159
2015-05-31,10:30,10:45,3598,3166
2015-05-31,10:45,11:00,3734,3272
2015-05-31,11:00,11:15,3871,3376
2015-05-31,11:15,11:30,4004,3484
2015-05-31,11:30,11:45,4136,3636
2015-05-31,11:45,12:00,4140,3754
2015-05-31,12:00,12:15,4145,3825
2015-05-31,12:15,12:30,4144,3957
2015-05-31,12:30,12:45,4144,3985
2015-05-31,12:45,13:00,4014,3967
2015-05-31,13:00,13:15,3884,3977
2015-05-31,13:15,13:30,3751,3887
2015-05-31,13:30,13:45,3617,3759
2015-05-31,13:45,14:00,3502,3674
2015-05-31,14:00,14:15,3388,3532
2015-05-31,14:15,14:30,3270,3252
2015-05-31,14:30,14:45,3153,3097
2015-05-31,14:45,15:00,3007,2887
2015-05-31,15:00,15:15,2861,2748
2015-05-31,15:15,15:30,2713,2584
2015-05-31,15:30,15:45,2566,2441
2015-05-31,15:45,16:00,2426,2355
2015-05-31,16:00,16:15,2286,2222
2015-05-31,16:15,16:30,2146,2082
2015-05-31,16:30,16:45,2006,1908
2015-05-31,16:45,17:00,1859,1736
2015-05-31,17:00,17:15,1713,1601
2015-05-31,17:15,17:30,1568,1441
2015-05-31,17:30,17:45,1422,1322
2015-05-31,17:45,18:00,1272,1168
2015-05-31,18:00,18:15,1122,1065
2015-05-31,18:15,18:30,974,973
2015-05-31,18:30,18:45,826,855
2015-05-31,18:45,19:00,716,725
2015-05-31,19:00,19:15,606,621
2015-05-31,19:15,19:30,500,537
2015-05-31,19:30,19:45,393,475
2015-05-31,19:45,20:00,301,354
2015-05-31,20:00,20:15,208,229
2015-05-31,20:15,20:30,118,135
2015-05-31,20:30,20:45,27,78
2015-05-31,20:45,21:00,19,43
2015-05-31,21:00,21:15,11,17
2015-05-31,21:15,21:30,5,4
2015-05-31,21:30,21:45,0,0
2015-05-31,21:45,22:00,0,0
2015-05-31,22:00,22:15,0,0
2015-05-31,22:15,22:30,0,0
2015-05-31,22:30,22:45,0,0
2015-05-31,22:45,23:00,0,0
2015-05-31,23:00,23:15,0,0
2015-05-31,23:15,23:30,0,0
2015-05-31,23:30,23:45,0,0
2015-05-31,23:45,00:00,0,0
